-2.781923
-2.677729
-2.286491
-2.143767
-1.839905
-1.54859
-1.486815
-1.356536
-1.229956
-1.092205
-0.982399
-0.959565
-0.939955
-0.851786
-0.835681
-0.784914
-0.77807
-0.731429
-0.712515
-0.681935
-0.649076
-0.641982
-0.624459
-0.605224
-0.564517
-0.560009
-0.558458
-0.558287
-0.544483
-0.535987
-0.525272
-0.524313
-0.521603
-0.520146
-0.512523
-0.502001
-0.494829
-0.486691
-0.475005
-0.461535
-0.459368
-0.448287
-0.447898
-0.442926
-0.438729
-0.431629
-0.42627
-0.420727
-0.40772
-0.405447
-0.404105
-0.403775
-0.39315
-0.392739
-0.390278
-0.386371
-0.368691
-0.368543
-0.364455
-0.360077
-0.356801
-0.35555
-0.352044
-0.352006
-0.348143
-0.344154
-0.342987
-0.337959
-0.335347
-0.333812
-0.328913
-0.327472
-0.327187
-0.324906
-0.323124
-0.322104
-0.321659
-0.318948
-0.315856
-0.314435
-0.313189
-0.308862
-0.307678
-0.304104
-0.303099
-0.302314
-0.301486
-0.301022
-0.297665
-0.297559
-0.297179
-0.29523
-0.294815
-0.293841
-0.292823
-0.291929
-0.29053
-0.29048
-0.286211
-0.283692
-0.283525
-0.282729
-0.281138
-0.28078
-0.280756
-0.279615
-0.279401
-0.277485
-0.277042
-0.273268
-0.269829
-0.269723
-0.267195
-0.265548
-0.265065
-0.262949
-0.261884
-0.259481
-0.256716
-0.255544
-0.25538
-0.255055
-0.253148
-0.251844
-0.250106
-0.249939
-0.24951
-0.249154
-0.248313
-0.246636
-0.245512
-0.245187
-0.24429
-0.242639
-0.2412
-0.239756
-0.238125
-0.235655
-0.235628
-0.234187
-0.233724
-0.233434
-0.233037
-0.232968
-0.231581
-0.229892
-0.227953
-0.225822
-0.225599
-0.225075
-0.224459
-0.224028
-0.222962
-0.222168
-0.221088
-0.220529
-0.220346
-0.219871
-0.219109
-0.218423
-0.217793
-0.216025
-0.215965
-0.213446
-0.213122
-0.213046
-0.212342
-0.211046
-0.210008
-0.20865
-0.206766
-0.205829
-0.205217
-0.205126
-0.20343
-0.198942
-0.198718
-0.195526
-0.194949
-0.194577
-0.192793
-0.192579
-0.192052
-0.191812
-0.191053
-0.191052
-0.189765
-0.188492
-0.187824
-0.187234
-0.186204
-0.185781
-0.185197
-0.184355
-0.183557
-0.183274
-0.182811
-0.181661
-0.180994
-0.180827
-0.179988
-0.179665
-0.1794
-0.178271
-0.17634
-0.175327
-0.17441
-0.174131
-0.173654
-0.173388
-0.172761
-0.172155
-0.171574
-0.170471
-0.170337
-0.170174
-0.1698
-0.169125
-0.16908
-0.168867
-0.167433
-0.166615
-0.166068
-0.165846
-0.164974
-0.164807
-0.16473
-0.164039
-0.163233
-0.163208
-0.163073
-0.162995
-0.162574
-0.161862
-0.160531
-0.159044
-0.158204
-0.157485
-0.157236
-0.157121
-0.156171
-0.155135
-0.154853
-0.154331
-0.153735
-0.153681
-0.153415
-0.153362
-0.152564
-0.152453
-0.152127
-0.151877
-0.151757
-0.151048
-0.150559
-0.150504
-0.150113
-0.149991
-0.149926
-0.149085
-0.149011
-0.148616
-0.147834
-0.147363
-0.147014
-0.14631
-0.146024
-0.146003
-0.145234
-0.142795
-0.142131
-0.142046
-0.141579
-0.139979
-0.139734
-0.139537
-0.138259
-0.137257
-0.136926
-0.136818
-0.136014
-0.13568
-0.135306
-0.135218
-0.134754
-0.134646
-0.134611
-0.134493
-0.134104
-0.134017
-0.132227
-0.131587
-0.131253
-0.130137
-0.130129
-0.129076
-0.128776
-0.128248
-0.127217
-0.125927
-0.125726
-0.125566
-0.125464
-0.125385
-0.125381
-0.124887
-0.124426
-0.1237
-0.123153
-0.122426
-0.121939
-0.121639
-0.121226
-0.121116
-0.121096
-0.120615
-0.120213
-0.118831
-0.118692
-0.118508
-0.118316
-0.118262
-0.116806
-0.116782
-0.116515
-0.116145
-0.115771
-0.114918
-0.114299
-0.114282
-0.114212
-0.114116
-0.11388
-0.113108
-0.112489
-0.112412
-0.111594
-0.111553
-0.111517
-0.110971
-0.110911
-0.110792
-0.110742
-0.110551
-0.110094
-0.109826
-0.109807
-0.109056
-0.108641
-0.108614
-0.108051
-0.107968
-0.107362
-0.107146
-0.106739
-0.106404
-0.105749
-0.105465
-0.10499
-0.10495
-0.104724
-0.10449
-0.103781
-0.103058
-0.102892
-0.102312
-0.101277
-0.100477
-0.100127
-0.09995
-0.099853
-0.09968
-0.099633
-0.09962
-0.099554
-0.099454
-0.099421
-0.099222
-0.09907
-0.099044
-0.098991
-0.098818
-0.098152
-0.098025
-0.097719
-0.0976
-0.097406
-0.097341
-0.09712
-0.096803
-0.096396
-0.096255
-0.09606
-0.095661
-0.095372
-0.09482
-0.09455
-0.094436
-0.094363
-0.094235
-0.094077
-0.093217
-0.093113
-0.093103
-0.092836
-0.092456
-0.092443
-0.091964
-0.091919
-0.091788
-0.091787
-0.091488
-0.091296
-0.089702
-0.089216
-0.08907
-0.089053
-0.088666
-0.088588
-0.088405
-0.08839
-0.088225
-0.087494
-0.087433
-0.087381
-0.0868
-0.086723
-0.086592
-0.08613
-0.085911
-0.085863
-0.085796
-0.085631
-0.085219
-0.08492
-0.084914
-0.084174
-0.083276
-0.083125
-0.082612
-0.082588
-0.082544
-0.082511
-0.082389
-0.081117
-0.081041
-0.080974
-0.080827
-0.080531
-0.080502
-0.080386
-0.080194
-0.079993
-0.079971
-0.079922
-0.079819
-0.079792
-0.079445
-0.079189
-0.079101
-0.078871
-0.078737
-0.078715
-0.078615
-0.078404
-0.078107
-0.077737
-0.077502
-0.077394
-0.076959
-0.076295
-0.076233
-0.076056
-0.07586
-0.075665
-0.075479
-0.075472
-0.075256
-0.075077
-0.074882
-0.074731
-0.074687
-0.074463
-0.07408
-0.074073
-0.073787
-0.07369
-0.073608
-0.073164
-0.073006
-0.072668
-0.072014
-0.071857
-0.071617
-0.071547
-0.071424
-0.071018
-0.070779
-0.070489
-0.070216
-0.070036
-0.069818
-0.069788
-0.069702
-0.069571
-0.069409
-0.069398
-0.069022
-0.069002
-0.068967
-0.068125
-0.068023
-0.067689
-0.067678
-0.067637
-0.067372
-0.067329
-0.066997
-0.066958
-0.066943
-0.066873
-0.066854
-0.065932
-0.065793
-0.065669
-0.065644
-0.065634
-0.065563
-0.065353
-0.064759
-0.064699
-0.064661
-0.064626
-0.063319
-0.062762
-0.062727
-0.062603
-0.062393
-0.062321
-0.062236
-0.061866
-0.061774
-0.061627
-0.061588
-0.061493
-0.06114
-0.061028
-0.060989
-0.060987
-0.060794
-0.060518
-0.059951
-0.059822
-0.059806
-0.05949
-0.059413
-0.059292
-0.059207
-0.059193
-0.058812
-0.058545
-0.058447
-0.058356
-0.057768
-0.057688
-0.057612
-0.057545
-0.057535
-0.057394
-0.057382
-0.056516
-0.056501
-0.056279
-0.056273
-0.056015
-0.056004
-0.055996
-0.055773
-0.055592
-0.055512
-0.055472
-0.055391
-0.055361
-0.055162
-0.055129
-0.054938
-0.054717
-0.054707
-0.054705
-0.054696
-0.054462
-0.0542
-0.053848
-0.053359
-0.053152
-0.053014
-0.052892
-0.052865
-0.052721
-0.052646
-0.052609
-0.052547
-0.052355
-0.05233
-0.052162
-0.050684
-0.05061
-0.050539
-0.050411
-0.050217
-0.050213
-0.050124
-0.050112
-0.049733
-0.049461
-0.049054
-0.048935
-0.0489
-0.048608
-0.048545
-0.048371
-0.047958
-0.047753
-0.047599
-0.04756
-0.047322
-0.047315
-0.047311
-0.047143
-0.046637
-0.046195
-0.046171
-0.045858
-0.045586
-0.045492
-0.045346
-0.045138
-0.045106
-0.045105
-0.044924
-0.044691
-0.044327
-0.044257
-0.044028
-0.044027
-0.043983
-0.043793
-0.043769
-0.043684
-0.043178
-0.043054
-0.042881
-0.042738
-0.042634
-0.042015
-0.041996
-0.041919
-0.041842
-0.041474
-0.041264
-0.041164
-0.041119
-0.040756
-0.04071
-0.040509
-0.040353
-0.040266
-0.040224
-0.040067
-0.040011
-0.039902
-0.039679
-0.039456
-0.039405
-0.038848
-0.038798
-0.038737
-0.038657
-0.038513
-0.038452
-0.038386
-0.038355
-0.038186
-0.037939
-0.037824
-0.037719
-0.037524
-0.037279
-0.03721
-0.037198
-0.036866
-0.036717
-0.036696
-0.036674
-0.036589
-0.036499
-0.036065
-0.035869
-0.035578
-0.035535
-0.035504
-0.035451
-0.035418
-0.035223
-0.035121
-0.034934
-0.034928
-0.034773
-0.034608
-0.034373
-0.034108
-0.033081
-0.032883
-0.032211
-0.032057
-0.032005
-0.031916
-0.031775
-0.031622
-0.031597
-0.031553
-0.031403
-0.031091
-0.031018
-0.031
-0.030982
-0.03098
-0.030617
-0.030449
-0.030209
-0.030129
-0.029857
-0.029556
-0.029432
-0.029243
-0.0292
-0.02909
-0.029003
-0.028752
-0.028744
-0.028721
-0.028649
-0.028615
-0.02818
-0.028042
-0.028001
-0.027683
-0.027608
-0.027454
-0.027218
-0.02705
-0.026993
-0.026747
-0.026726
-0.026413
-0.02621
-0.026141
-0.026103
-0.02601
-0.025726
-0.025166
-0.02507
-0.024865
-0.024663
-0.024635
-0.024476
-0.024472
-0.024429
-0.023689
-0.023476
-0.023171
-0.023149
-0.02279
-0.02279
-0.022646
-0.02261
-0.022513
-0.022486
-0.022419
-0.022173
-0.022018
-0.021891
-0.021712
-0.021486
-0.021296
-0.021265
-0.021208
-0.020852
-0.020552
-0.020342
-0.020209
-0.020183
-0.020077
-0.020061
-0.020037
-0.019894
-0.019655
-0.019496
-0.019471
-0.019347
-0.019159
-0.019077
-0.01882
-0.018496
-0.018336
-0.018257
-0.01819
-0.017995
-0.017672
-0.01765
-0.017643
-0.017635
-0.017556
-0.017533
-0.017498
-0.017497
-0.017377
-0.01736
-0.017306
-0.017235
-0.017199
-0.016999
-0.016766
-0.016703
-0.016697
-0.016633
-0.016433
-0.016377
-0.01623
-0.0162
-0.016111
-0.015919
-0.015859
-0.015678
-0.015452
-0.015254
-0.015203
-0.014945
-0.014682
-0.014535
-0.014485
-0.014225
-0.01394
-0.013735
-0.013678
-0.013561
-0.013383
-0.013377
-0.013093
-0.012913
-0.012578
-0.012505
-0.012496
-0.012184
-0.012028
-0.011975
-0.011968
-0.011951
-0.011823
-0.011525
-0.011495
-0.011441
-0.011226
-0.011219
-0.011151
-0.011059
-0.010964
-0.010653
-0.010621
-0.010537
-0.010386
-0.010359
-0.010334
-0.010322
-0.010086
-0.00979
-0.009619
-0.009483
-0.009366
-0.009218
-0.009212
-0.00906
-0.009057
-0.009015
-0.009
-0.008959
-0.008823
-0.008589
-0.008523
-0.008231
-0.0082
-0.008112
-0.008109
-0.008062
-0.007966
-0.007949
-0.007738
-0.007651
-0.007642
-0.007624
-0.007547
-0.007161
-0.006988
-0.006956
-0.006914
-0.006861
-0.006309
-0.00606
-0.005869
-0.005779
-0.00565
-0.005283
-0.005265
-0.00509
-0.004978
-0.004871
-0.00482
-0.004806
-0.004527
-0.004362
-0.004309
-0.004298
-0.004213
-0.004201
-0.004104
-0.004
-0.003942
-0.003841
-0.003751
-0.003602
-0.003266
-0.003247
-0.003168
-0.003148
-0.003083
-0.002806
-0.002687
-0.002216
-0.002164
-0.002139
-0.002137
-0.002025
-0.001979
-0.001922
-0.001855
-0.001766
-0.00166
-0.001483
-0.001451
-0.001414
-0.001386
-0.001216
-0.001162
-0.001128
-0.001074
-0.000878
-0.000837
-0.000706
-0.00054
-0.000534
-0.000454
-0.000437
-5.5e-05
0.0
1.7e-05
5.9e-05
0.000311
0.000477
0.000662
0.0009
0.000915
0.00094
0.000989
0.001043
0.001329
0.001351
0.001464
0.001608
0.001625
0.001784
0.001805
0.001814
0.00186
0.001878
0.002007
0.00226
0.002523
0.002597
0.0027
0.002842
0.002936
0.003104
0.003345
0.003517
0.00357
0.003618
0.003699
0.003716
0.003722
0.003925
0.003974
0.004007
0.004014
0.004103
0.004173
0.004189
0.004524
0.004688
0.00477
0.005008
0.005053
0.005054
0.005342
0.0055
0.005555
0.005573
0.00564
0.00569
0.005878
0.005889
0.006263
0.006312
0.006327
0.006417
0.00651
0.006513
0.006568
0.00678
0.006786
0.006888
0.00689
0.007148
0.007163
0.007278
0.007419
0.007428
0.007527
0.007665
0.007789
0.007856
0.007891
0.007928
0.007963
0.008036
0.008193
0.008205
0.008219
0.008223
0.008331
0.008386
0.008402
0.008434
0.008514
0.008542
0.008678
0.008745
0.008765
0.008832
0.008948
0.009121
0.009261
0.009343
0.009414
0.009605
0.009733
0.009745
0.009765
0.009894
0.010054
0.010079
0.010085
0.010116
0.010569
0.010946
0.011009
0.011188
0.011206
0.011344
0.011419
0.011444
0.01147
0.011479
0.011552
0.011604
0.011664
0.01169
0.011705
0.011861
0.012111
0.012168
0.01233
0.012656
0.012728
0.012784
0.013027
0.013079
0.013104
0.013163
0.013171
0.013212
0.013233
0.013314
0.01339
0.013407
0.013444
0.013468
0.013758
0.013916
0.014047
0.014152
0.014334
0.014357
0.014385
0.014499
0.014814
0.014825
0.014904
0.015059
0.015136
0.015247
0.015267
0.015294
0.015323
0.015325
0.015346
0.015471
0.015543
0.015558
0.015621
0.015653
0.015924
0.016148
0.016221
0.016275
0.016411
0.016459
0.016806
0.016913
0.01696
0.017043
0.017087
0.017129
0.017174
0.017205
0.017649
0.01781
0.017931
0.018043
0.018051
0.018184
0.018221
0.018278
0.018403
0.018608
0.018902
0.019238
0.019332
0.019375
0.019381
0.019431
0.019521
0.019561
0.019678
0.01976
0.019803
0.019838
0.019878
0.019905
0.020083
0.020179
0.020189
0.020311
0.020348
0.020362
0.020399
0.020718
0.020753
0.020763
0.020942
0.021005
0.021038
0.021058
0.021095
0.021216
0.021403
0.021499
0.021579
0.021626
0.02187
0.021981
0.022223
0.022255
0.022574
0.02278
0.022882
0.023078
0.023318
0.023475
0.023854
0.023927
0.023935
0.023962
0.023968
0.023993
0.024106
0.024597
0.024703
0.024715
0.024749
0.024779
0.024953
0.024993
0.025014
0.025109
0.025113
0.02546
0.025688
0.025703
0.025756
0.02609
0.026109
0.026156
0.02616
0.026185
0.026209
0.026265
0.026294
0.026313
0.026502
0.026523
0.026875
0.027014
0.027031
0.02716
0.027209
0.027518
0.027573
0.027689
0.027774
0.027782
0.027827
0.027864
0.027873
0.027878
0.028086
0.028329
0.02834
0.028413
0.028642
0.028686
0.028698
0.028796
0.02884
0.028897
0.02912
0.02917
0.029398
0.029424
0.029446
0.029519
0.029567
0.029611
0.02967
0.029688
0.02978
0.030089
0.030146
0.030324
0.030462
0.030612
0.030756
0.030899
0.030903
0.030988
0.031042
0.031101
0.031126
0.031232
0.031274
0.031424
0.031435
0.031452
0.031534
0.031938
0.031966
0.032036
0.03205
0.032342
0.032359
0.032477
0.032578
0.032613
0.032712
0.032802
0.032802
0.032906
0.032967
0.033285
0.033437
0.033528
0.033761
0.033827
0.033834
0.033844
0.034059
0.034241
0.034274
0.034358
0.034425
0.034471
0.03459
0.034703
0.034805
0.03487
0.035163
0.035271
0.035671
0.035674
0.035778
0.035947
0.035965
0.035967
0.036036
0.036113
0.03614
0.036155
0.036204
0.036221
0.036418
0.036441
0.036547
0.036592
0.0367
0.036723
0.037007
0.037039
0.037048
0.037417
0.037517
0.037556
0.037574
0.037632
0.03771
0.037832
0.037895
0.037925
0.038016
0.038045
0.038153
0.03817
0.038175
0.038271
0.038382
0.038632
0.038744
0.038888
0.038898
0.03891
0.039078
0.039114
0.039187
0.039214
0.039316
0.039435
0.03944
0.039453
0.039472
0.039564
0.039634
0.039777
0.039845
0.039874
0.039955
0.040061
0.040074
0.040112
0.040115
0.040141
0.040276
0.040286
0.040333
0.040517
0.040729
0.040791
0.040816
0.040904
0.040989
0.04101
0.041024
0.0412
0.041499
0.041758
0.041816
0.041841
0.041935
0.041937
0.041994
0.042039
0.042047
0.042602
0.042629
0.042642
0.042645
0.042729
0.042736
0.042816
0.042834
0.042859
0.042917
0.042999
0.043099
0.0432
0.043229
0.043289
0.043486
0.043511
0.043513
0.043565
0.043807
0.043828
0.044037
0.044059
0.044208
0.044268
0.044284
0.044676
0.044711
0.044826
0.04484
0.045153
0.045583
0.045597
0.04564
0.045812
0.045933
0.045947
0.046254
0.046323
0.046505
0.046526
0.046544
0.046706
0.04678
0.046834
0.046961
0.04715
0.047172
0.047186
0.047296
0.047296
0.047321
0.047375
0.047596
0.047618
0.047679
0.047725
0.047807
0.047855
0.04794
0.048038
0.048083
0.048117
0.048227
0.048441
0.048466
0.048752
0.048796
0.048834
0.049158
0.049204
0.049474
0.049513
0.049543
0.049544
0.049634
0.049677
0.049717
0.04981
0.049848
0.049901
0.049974
0.050057
0.050208
0.050218
0.050223
0.050261
0.050343
0.0506
0.050607
0.050647
0.050884
0.050895
0.050923
0.05105
0.051062
0.051087
0.051321
0.051536
0.051687
0.051699
0.052075
0.052086
0.05257
0.052577
0.052605
0.052645
0.052727
0.052927
0.052958
0.052975
0.053016
0.053051
0.053353
0.053595
0.053728
0.053901
0.054075
0.054107
0.054132
0.054139
0.054217
0.054266
0.054289
0.054303
0.054309
0.05433
0.054384
0.054434
0.054626
0.054823
0.05492
0.054921
0.055004
0.055124
0.055305
0.055486
0.055792
0.055902
0.055911
0.056142
0.056271
0.05644
0.056631
0.056672
0.056718
0.056788
0.056844
0.056865
0.0569
0.057067
0.057117
0.057197
0.057267
0.057364
0.057406
0.057482
0.057537
0.057551
0.057563
0.057603
0.057733
0.057834
0.057882
0.057937
0.058102
0.058153
0.058372
0.058486
0.058538
0.058576
0.058603
0.058696
0.058744
0.059143
0.059287
0.059337
0.059474
0.059525
0.059696
0.0597
0.05994
0.060078
0.060108
0.060283
0.060506
0.060569
0.060683
0.060721
0.060741
0.060888
0.060917
0.060918
0.060988
0.061104
0.061142
0.061473
0.061501
0.061505
0.061573
0.061685
0.062008
0.062188
0.062334
0.062541
0.062596
0.062643
0.062778
0.06282
0.063049
0.063351
0.063477
0.063616
0.063659
0.063675
0.06375
0.063772
0.063893
0.063965
0.064047
0.064072
0.064099
0.064591
0.064595
0.064676
0.064783
0.0648
0.064943
0.06514
0.065144
0.065195
0.065212
0.065257
0.065353
0.065565
0.065814
0.065853
0.06591
0.065942
0.065978
0.06603
0.066047
0.066249
0.066261
0.066711
0.066732
0.066821
0.06697
0.067084
0.067163
0.067454
0.067612
0.067631
0.067639
0.067723
0.067752
0.067802
0.067818
0.067847
0.067946
0.067947
0.068065
0.068136
0.068367
0.068388
0.068458
0.06851
0.068607
0.068623
0.068672
0.068822
0.06888
0.068977
0.069026
0.069198
0.069213
0.06925
0.069367
0.069407
0.069471
0.069532
0.069618
0.069627
0.069663
0.069664
0.069896
0.0699
0.069975
0.069991
0.069993
0.070007
0.070104
0.070162
0.070164
0.070474
0.070484
0.070535
0.070585
0.070655
0.070717
0.070918
0.070942
0.070952
0.071018
0.071031
0.071053
0.07113
0.07125
0.071335
0.071456
0.071584
0.071681
0.071708
0.071741
0.071896
0.071921
0.071945
0.072142
0.072177
0.072235
0.072341
0.072409
0.072427
0.072466
0.07268
0.072702
0.072768
0.072776
0.07278
0.072945
0.072969
0.073007
0.073115
0.073177
0.073247
0.073308
0.073643
0.073683
0.073719
0.073788
0.073844
0.074006
0.07412
0.074484
0.074521
0.074525
0.074556
0.074722
0.074874
0.074891
0.07495
0.074987
0.075064
0.075103
0.075186
0.075333
0.075515
0.075724
0.075896
0.076032
0.0761
0.076274
0.076283
0.076286
0.076356
0.076361
0.07637
0.076505
0.076598
0.076631
0.076719
0.0769
0.076919
0.077022
0.077025
0.077507
0.077593
0.077665
0.077819
0.077875
0.07788
0.077904
0.077907
0.078042
0.078195
0.078259
0.078327
0.078436
0.07854
0.078561
0.078688
0.078787
0.079021
0.079329
0.079337
0.079404
0.079415
0.079514
0.079537
0.079556
0.079708
0.079727
0.079734
0.079792
0.079816
0.079846
0.079882
0.079948
0.080051
0.080178
0.080608
0.080686
0.080811
0.080982
0.081
0.08101
0.081111
0.081121
0.081124
0.081409
0.081465
0.081739
0.082055
0.082138
0.082239
0.082293
0.082315
0.08232
0.082406
0.082576
0.082646
0.082697
0.082701
0.082757
0.082781
0.082834
0.083053
0.083097
0.083145
0.083362
0.083809
0.084063
0.084118
0.08418
0.084275
0.084366
0.084454
0.084504
0.084726
0.084759
0.0848
0.084993
0.085004
0.085027
0.085137
0.085248
0.085272
0.085385
0.085573
0.085739
0.085752
0.085755
0.086055
0.086147
0.086263
0.086347
0.086445
0.08666
0.08667
0.08669
0.0867
0.086713
0.086834
0.086857
0.086862
0.086864
0.086882
0.086893
0.086955
0.08696
0.087014
0.087035
0.087046
0.087293
0.08767
0.08805
0.088093
0.088102
0.088184
0.088292
0.088426
0.088576
0.088621
0.08871
0.088789
0.088885
0.088988
0.089046
0.089048
0.089072
0.089098
0.089183
0.089232
0.089234
0.089245
0.089326
0.089402
0.089674
0.089698
0.089865
0.08995
0.090031
0.090033
0.090142
0.090216
0.090255
0.090415
0.090433
0.090447
0.090529
0.090555
0.090613
0.090676
0.090708
0.090786
0.090795
0.090862
0.091038
0.091099
0.091129
0.091235
0.091438
0.091552
0.091622
0.091708
0.091792
0.091801
0.091822
0.091896
0.091951
0.092157
0.092286
0.092308
0.092358
0.092436
0.092442
0.092456
0.092565
0.092598
0.092646
0.092744
0.092962
0.093001
0.093058
0.093195
0.093315
0.093317
0.09344
0.093649
0.093656
0.093742
0.09397
0.094076
0.094076
0.094094
0.094119
0.094137
0.094165
0.094247
0.094271
0.094272
0.094632
0.094636
0.094684
0.094741
0.094775
0.094876
0.094958
0.094982
0.095064
0.095144
0.095243
0.095496
0.095561
0.095673
0.095772
0.096021
0.096056
0.096059
0.096191
0.0962
0.096241
0.096251
0.096343
0.096622
0.096625
0.096688
0.096994
0.097025
0.097053
0.097117
0.097331
0.097352
0.097536
0.097694
0.097724
0.097747
0.097762
0.097879
0.097987
0.098037
0.098139
0.098264
0.098384
0.098616
0.09863
0.098645
0.09866
0.098803
0.098969
0.099059
0.099127
0.099319
0.099319
0.099386
0.099439
0.09959
0.099629
0.099773
0.099775
0.099795
0.099799
0.100075
0.100075
0.100095
0.100143
0.100428
0.100535
0.100711
0.100756
0.100977
0.101067
0.101181
0.101527
0.101539
0.10157
0.101618
0.101662
0.101674
0.10172
0.101753
0.101783
0.101794
0.101854
0.101931
0.101969
0.101972
0.10199
0.102135
0.102299
0.102397
0.102702
0.102958
0.103012
0.103013
0.103069
0.103217
0.103263
0.103299
0.103362
0.103474
0.103835
0.103901
0.104015
0.104099
0.104174
0.104262
0.104315
0.104317
0.104352
0.1045
0.104517
0.104612
0.104864
0.104913
0.104915
0.104937
0.10494
0.104952
0.104972
0.104981
0.105073
0.105349
0.105422
0.105422
0.10554
0.10554
0.105579
0.105668
0.105904
0.105962
0.105962
0.106131
0.106239
0.106255
0.10626
0.106265
0.106359
0.106555
0.106722
0.1068
0.106881
0.1069
0.106971
0.107044
0.107356
0.107383
0.107496
0.107521
0.107566
0.107775
0.107984
0.108021
0.108099
0.108119
0.108338
0.108358
0.108406
0.10849
0.108601
0.108625
0.108626
0.108753
0.10887
0.108897
0.108939
0.108941
0.108979
0.109071
0.109193
0.109297
0.109316
0.109497
0.109601
0.109822
0.11008
0.110086
0.110195
0.110316
0.110412
0.11042
0.110449
0.110523
0.110593
0.110622
0.110635
0.110742
0.110791
0.110885
0.11102
0.111047
0.111265
0.111318
0.111489
0.111611
0.111612
0.111663
0.111936
0.112081
0.112113
0.112149
0.112165
0.112296
0.112324
0.112344
0.112562
0.112649
0.112953
0.113011
0.113187
0.113207
0.113629
0.113703
0.114004
0.114043
0.114071
0.114204
0.114233
0.114254
0.114277
0.114372
0.114521
0.114596
0.114679
0.114698
0.1148
0.114942
0.114975
0.115404
0.115405
0.115465
0.11558
0.115624
0.115689
0.115701
0.115714
0.115947
0.115956
0.116189
0.116269
0.116276
0.116322
0.116329
0.116357
0.116372
0.116494
0.11651
0.116572
0.116636
0.116696
0.116828
0.116957
0.117137
0.117141
0.117153
0.117264
0.117311
0.117343
0.117369
0.117624
0.117676
0.117725
0.11774
0.117878
0.118138
0.118345
0.118351
0.118357
0.118551
0.11881
0.119063
0.119176
0.119205
0.119212
0.119443
0.11948
0.119677
0.119951
0.119988
0.120076
0.120092
0.12042
0.12045
0.120519
0.120627
0.12071
0.120733
0.120812
0.120819
0.120859
0.121099
0.121192
0.121221
0.121235
0.121261
0.121423
0.121449
0.121475
0.121631
0.121804
0.12182
0.121852
0.121886
0.122096
0.122374
0.122416
0.122615
0.122643
0.12275
0.122767
0.122842
0.122861
0.122882
0.122931
0.122973
0.122988
0.123037
0.123105
0.123125
0.123341
0.12348
0.123637
0.123915
0.123954
0.124006
0.124181
0.124204
0.124244
0.124357
0.124357
0.124518
0.124598
0.124762
0.125334
0.125339
0.125352
0.125502
0.125538
0.125674
0.125847
0.125901
0.126199
0.126487
0.126577
0.12662
0.126741
0.126862
0.126942
0.126994
0.127003
0.127108
0.127234
0.127363
0.127366
0.12767
0.127789
0.127817
0.127968
0.128014
0.128116
0.128124
0.128242
0.128327
0.128476
0.128726
0.12876
0.128785
0.128893
0.12906
0.129208
0.12922
0.129518
0.12952
0.129576
0.129692
0.129724
0.130043
0.130114
0.130207
0.130228
0.130266
0.130316
0.130333
0.130667
0.130702
0.130762
0.130923
0.131072
0.131295
0.131368
0.131455
0.131584
0.131799
0.132216
0.132225
0.132465
0.132476
0.132536
0.132724
0.132758
0.132897
0.132973
0.132981
0.133106
0.133186
0.133437
0.133445
0.133472
0.133582
0.133662
0.133863
0.134021
0.134054
0.134159
0.134289
0.134295
0.13442
0.134474
0.134543
0.134614
0.134721
0.134752
0.134835
0.134956
0.135033
0.135148
0.13589
0.135896
0.136322
0.136327
0.136451
0.136455
0.136509
0.136606
0.136731
0.136757
0.137068
0.137069
0.137111
0.137185
0.137326
0.137371
0.137396
0.137437
0.137482
0.137629
0.137727
0.137754
0.137955
0.138102
0.138318
0.13832
0.138354
0.138723
0.138738
0.138936
0.138947
0.139041
0.139069
0.13913
0.139171
0.139191
0.139249
0.139283
0.139337
0.139356
0.139897
0.140055
0.140091
0.140094
0.140182
0.140228
0.140231
0.140251
0.140501
0.140555
0.140579
0.141271
0.141443
0.141475
0.141551
0.141637
0.141671
0.141762
0.141817
0.141843
0.142013
0.142013
0.142065
0.142184
0.142564
0.142668
0.142724
0.142829
0.143193
0.143255
0.143271
0.143298
0.143423
0.143478
0.143486
0.14358
0.143729
0.143756
0.14387
0.144013
0.144127
0.144234
0.144483
0.144488
0.144596
0.144715
0.144725
0.144748
0.144785
0.14501
0.145055
0.145232
0.145332
0.145456
0.145627
0.145745
0.145761
0.145775
0.14583
0.145865
0.145962
0.146375
0.146603
0.146863
0.146882
0.146903
0.147202
0.147219
0.14723
0.147241
0.147275
0.147378
0.147389
0.147392
0.147452
0.147563
0.147607
0.147757
0.147781
0.147831
0.147863
0.147878
0.147932
0.148161
0.148204
0.148228
0.148435
0.148585
0.148632
0.148688
0.148807
0.148825
0.148844
0.148903
0.14893
0.149067
0.149173
0.149305
0.149346
0.149679
0.149768
0.149916
0.15008
0.150418
0.150669
0.150818
0.150915
0.150985
0.151124
0.151247
0.15139
0.151421
0.151489
0.151612
0.151773
0.151869
0.151914
0.15195
0.152001
0.152108
0.152125
0.152177
0.152216
0.152764
0.15296
0.153002
0.153006
0.15305
0.153111
0.153135
0.153591
0.15398
0.154136
0.154606
0.154639
0.154922
0.155
0.155018
0.155347
0.155463
0.155486
0.15567
0.15576
0.155883
0.155956
0.156484
0.156936
0.157237
0.157345
0.157469
0.15752
0.157748
0.15778
0.157827
0.157903
0.158176
0.158319
0.158362
0.158424
0.158496
0.158504
0.158615
0.15891
0.159137
0.159572
0.15963
0.159641
0.159683
0.159775
0.159879
0.160048
0.160052
0.160082
0.160197
0.16036
0.160544
0.160595
0.160695
0.160825
0.160929
0.161109
0.161293
0.161486
0.161495
0.161497
0.161511
0.161607
0.161673
0.161721
0.161924
0.161927
0.161928
0.161933
0.161948
0.161978
0.161981
0.162061
0.162174
0.162235
0.162324
0.162369
0.162385
0.162428
0.16247
0.162479
0.162643
0.162686
0.163051
0.163226
0.163436
0.163522
0.163631
0.163701
0.163728
0.163895
0.163951
0.164019
0.164253
0.164258
0.164266
0.164334
0.164353
0.164527
0.164557
0.164621
0.164699
0.164832
0.164836
0.164929
0.165227
0.165309
0.16535
0.165353
0.165424
0.165425
0.165462
0.165642
0.165848
0.16588
0.165936
0.166055
0.16618
0.166203
0.166321
0.16636
0.166392
0.166591
0.166607
0.166633
0.16666
0.166846
0.166937
0.166987
0.167105
0.167203
0.167301
0.167343
0.167394
0.167405
0.167488
0.167514
0.167552
0.167915
0.168162
0.168238
0.168239
0.168422
0.16855
0.168689
0.168826
0.168896
0.168901
0.169013
0.169055
0.169331
0.169724
0.169918
0.170085
0.170302
0.170394
0.170404
0.170628
0.170755
0.171141
0.171182
0.171267
0.171401
0.171422
0.171505
0.171605
0.171607
0.171701
0.171713
0.171822
0.171832
0.171948
0.171992
0.172151
0.17216
0.172162
0.172457
0.172488
0.172765
0.172852
0.172861
0.173204
0.173315
0.173615
0.173674
0.173748
0.173888
0.173895
0.173936
0.174075
0.174125
0.174172
0.174215
0.174227
0.174366
0.174642
0.174712
0.174957
0.175014
0.175037
0.175082
0.175404
0.175551
0.175612
0.17574
0.175898
0.176039
0.176073
0.17621
0.176214
0.176245
0.176259
0.176292
0.17642
0.176485
0.176615
0.176696
0.176908
0.176966
0.176989
0.177023
0.177307
0.177358
0.177567
0.177595
0.177627
0.17768
0.177746
0.178003
0.178067
0.178119
0.178318
0.178354
0.17847
0.178483
0.178515
0.178637
0.178708
0.178793
0.178947
0.178969
0.179026
0.17903
0.179061
0.179096
0.179141
0.179235
0.179337
0.179565
0.179579
0.179681
0.179747
0.179765
0.179865
0.180055
0.180065
0.180244
0.180277
0.180413
0.180582
0.18071
0.180727
0.180802
0.180829
0.180876
0.180912
0.181109
0.181324
0.181431
0.181463
0.181468
0.181491
0.181519
0.181726
0.181831
0.181917
0.182036
0.182047
0.182071
0.182163
0.182462
0.182464
0.182506
0.182561
0.182847
0.183295
0.183329
0.183388
0.183487
0.18356
0.183619
0.184041
0.184398
0.184701
0.184841
0.184978
0.18511
0.18514
0.185444
0.185491
0.185562
0.185708
0.185852
0.186055
0.186061
0.18614
0.186204
0.186207
0.186339
0.186538
0.186649
0.186724
0.186762
0.186775
0.18689
0.18708
0.187176
0.187593
0.187631
0.187641
0.188126
0.188211
0.188406
0.188449
0.1885
0.18862
0.189146
0.189208
0.189513
0.189788
0.189946
0.19006
0.190155
0.190203
0.190507
0.191063
0.191113
0.1913
0.191392
0.191716
0.191739
0.191858
0.191898
0.192002
0.192116
0.192145
0.19254
0.192605
0.192624
0.192664
0.192856
0.192921
0.193073
0.193094
0.193352
0.193696
0.19385
0.194002
0.194164
0.194273
0.194405
0.194416
0.194584
0.194872
0.194893
0.194911
0.194981
0.195329
0.195356
0.195459
0.195463
0.195479
0.195485
0.195496
0.195505
0.195517
0.195617
0.19569
0.1957
0.195713
0.19573
0.195736
0.195844
0.195991
0.196053
0.196069
0.196753
0.196991
0.197134
0.19756
0.197754
0.197839
0.19787
0.197979
0.198075
0.198102
0.198154
0.198322
0.198408
0.198663
0.198684
0.198712
0.198714
0.19881
0.199067
0.199167
0.199189
0.199268
0.19935
0.199768
0.199915
0.20004
0.200054
0.200107
0.200214
0.200304
0.20048
0.200726
0.200737
0.200829
0.20085
0.200907
0.200951
0.200996
0.20102
0.201215
0.201308
0.201472
0.201615
0.202048
0.202107
0.202113
0.202124
0.202169
0.202174
0.202192
0.202501
0.20274
0.202947
0.203149
0.203159
0.203561
0.203788
0.20386
0.203968
0.20403
0.204115
0.204137
0.204421
0.204429
0.204666
0.20473
0.204735
0.204757
0.204829
0.204978
0.204979
0.205149
0.205174
0.205898
0.206087
0.206284
0.206438
0.206767
0.206937
0.207123
0.207218
0.207531
0.20756
0.207764
0.207813
0.207975
0.208048
0.20818
0.208595
0.208601
0.208932
0.209216
0.209504
0.209915
0.209989
0.210059
0.21031
0.210343
0.210387
0.210414
0.210439
0.210564
0.210765
0.210794
0.211066
0.211191
0.2112
0.211267
0.211384
0.211482
0.211758
0.212259
0.212552
0.212595
0.212788
0.21316
0.213369
0.213586
0.213593
0.213668
0.213668
0.213763
0.213861
0.214443
0.214472
0.214598
0.214621
0.214676
0.214834
0.21502
0.215124
0.215436
0.215456
0.215465
0.215483
0.215995
0.21635
0.216511
0.216622
0.216977
0.217083
0.217229
0.217407
0.217463
0.217541
0.217626
0.217701
0.217903
0.218215
0.21841
0.218424
0.218454
0.218693
0.218818
0.218832
0.218881
0.219114
0.219419
0.219434
0.219452
0.219715
0.220154
0.220648
0.220826
0.221091
0.221134
0.221306
0.221503
0.221507
0.221559
0.221694
0.221852
0.222165
0.222208
0.222385
0.222554
0.222557
0.222911
0.222944
0.223054
0.223081
0.223169
0.223402
0.22348
0.223558
0.223662
0.223732
0.224148
0.224157
0.224197
0.224294
0.224341
0.224361
0.224388
0.224424
0.224828
0.224919
0.225079
0.22513
0.225299
0.22543
0.225475
0.225495
0.225645
0.225983
0.226183
0.226249
0.226292
0.22654
0.227323
0.22734
0.227713
0.227735
0.227803
0.228147
0.22866
0.22895
0.229002
0.229153
0.229232
0.229457
0.229539
0.229618
0.229755
0.229851
0.230207
0.230224
0.230928
0.231046
0.231598
0.231603
0.231881
0.232052
0.232456
0.232547
0.232911
0.232933
0.232997
0.233022
0.233023
0.233054
0.233204
0.233213
0.233324
0.233485
0.233614
0.233659
0.233894
0.234068
0.234333
0.234663
0.234767
0.234816
0.234967
0.235087
0.235101
0.235536
0.235547
0.235804
0.235963
0.236019
0.23606
0.236271
0.23633
0.236439
0.236767
0.236958
0.236995
0.237085
0.237135
0.23725
0.237593
0.237681
0.237701
0.237842
0.237944
0.238205
0.238496
0.238925
0.238977
0.239205
0.239256
0.239282
0.239359
0.239416
0.239493
0.239602
0.239649
0.239668
0.239984
0.240015
0.240145
0.240357
0.240621
0.240645
0.240736
0.240959
0.240993
0.240993
0.241024
0.241483
0.241582
0.241669
0.241682
0.242227
0.242325
0.242552
0.243011
0.243031
0.243033
0.243076
0.243096
0.243116
0.243287
0.243405
0.243512
0.243904
0.244447
0.244729
0.244751
0.244869
0.244904
0.244936
0.245254
0.24527
0.245306
0.245365
0.245431
0.245518
0.245557
0.245792
0.245819
0.245921
0.246501
0.246694
0.246793
0.246888
0.246944
0.247006
0.247046
0.247083
0.247143
0.247169
0.247169
0.247316
0.247512
0.247668
0.247751
0.247808
0.24784
0.248139
0.248234
0.248332
0.24857
0.248646
0.248731
0.24951
0.249583
0.249977
0.250206
0.250256
0.250484
0.250584
0.250614
0.250774
0.250944
0.250979
0.251007
0.251238
0.25133
0.25204
0.252601
0.252606
0.252622
0.252653
0.252811
0.252825
0.252879
0.253002
0.253302
0.2534
0.253544
0.253645
0.254021
0.254212
0.254304
0.254477
0.254663
0.254673
0.254748
0.254759
0.254846
0.255587
0.255664
0.255705
0.255752
0.255815
0.256013
0.256145
0.256483
0.256577
0.256605
0.256653
0.256654
0.256709
0.257551
0.257557
0.257575
0.257684
0.257693
0.257807
0.257881
0.258015
0.258255
0.258302
0.258829
0.259097
0.259106
0.259287
0.259355
0.259735
0.259867
0.259917
0.260115
0.260142
0.260583
0.260585
0.260714
0.26076
0.260886
0.261151
0.261153
0.261282
0.261352
0.261455
0.261458
0.261504
0.261728
0.261876
0.262584
0.263241
0.263293
0.263308
0.263519
0.263543
0.263574
0.263928
0.26443
0.264533
0.264587
0.264793
0.264923
0.264956
0.265067
0.265242
0.265296
0.265752
0.265905
0.266213
0.26628
0.266515
0.266574
0.266682
0.26672
0.266746
0.266831
0.26715
0.267161
0.267187
0.267218
0.267276
0.267589
0.268102
0.268109
0.268235
0.268261
0.268265
0.268407
0.268541
0.268657
0.268663
0.268664
0.268665
0.26874
0.269208
0.269551
0.269613
0.269796
0.270348
0.27056
0.270648
0.270817
0.270824
0.270974
0.271026
0.271267
0.271515
0.271545
0.272136
0.2722
0.272482
0.272843
0.273144
0.27317
0.273802
0.273972
0.274394
0.274426
0.274496
0.274887
0.275271
0.275301
0.275327
0.27534
0.275572
0.275618
0.275665
0.275845
0.276221
0.276299
0.276332
0.276412
0.276462
0.276799
0.276808
0.27681
0.276963
0.277009
0.277039
0.277066
0.277125
0.277152
0.277157
0.277712
0.277974
0.278169
0.278312
0.278338
0.278549
0.278728
0.278748
0.278789
0.278916
0.279159
0.279196
0.27923
0.279406
0.279911
0.279978
0.280064
0.280131
0.280338
0.280436
0.28049
0.280617
0.280708
0.28157
0.281659
0.281845
0.281885
0.281956
0.282194
0.282201
0.282234
0.282312
0.282438
0.282784
0.282941
0.283093
0.283176
0.283468
0.283513
0.283664
0.283792
0.283978
0.283996
0.284029
0.28419
0.284494
0.284497
0.28464
0.28466
0.284792
0.284861
0.284884
0.284966
0.28498
0.284989
0.285047
0.285081
0.285255
0.285507
0.285558
0.285959
0.286001
0.286154
0.28624
0.286284
0.286328
0.286334
0.286404
0.286679
0.287024
0.28751
0.287656
0.287724
0.287782
0.287865
0.288061
0.288133
0.288156
0.288236
0.288464
0.288708
0.288718
0.288788
0.288856
0.289172
0.289329
0.289643
0.289682
0.289765
0.289812
0.289859
0.289991
0.290179
0.290315
0.290416
0.290448
0.290451
0.290709
0.290723
0.290836
0.290915
0.291147
0.291263
0.291361
0.291408
0.291435
0.29155
0.291554
0.291781
0.291865
0.291973
0.291982
0.292358
0.292497
0.292563
0.29285
0.292854
0.293086
0.293361
0.293433
0.293462
0.293505
0.293557
0.293721
0.293769
0.293837
0.293936
0.294072
0.29417
0.294459
0.294642
0.294726
0.294926
0.294928
0.295046
0.295465
0.29585
0.295905
0.295993
0.296071
0.296309
0.296457
0.296567
0.297971
0.298137
0.298414
0.29843
0.298536
0.299112
0.299267
0.299443
0.299596
0.300058
0.300072
0.300174
0.300314
0.300363
0.300444
0.300499
0.30059
0.301045
0.301091
0.301176
0.301181
0.301528
0.301738
0.302245
0.302322
0.302348
0.302377
0.302593
0.303042
0.303709
0.303977
0.304031
0.304104
0.304153
0.304185
0.304222
0.304272
0.304559
0.304571
0.304585
0.304761
0.304961
0.305013
0.305018
0.305027
0.305166
0.305243
0.305308
0.30545
0.305569
0.305698
0.305711
0.305833
0.30632
0.306364
0.306426
0.306462
0.306574
0.306601
0.306679
0.306748
0.306787
0.306966
0.306982
0.30703
0.307316
0.307323
0.30765
0.307773
0.307991
0.308247
0.308284
0.308314
0.308427
0.308447
0.308993
0.308996
0.309012
0.309021
0.309102
0.309428
0.309479
0.309839
0.309915
0.30997
0.310167
0.310553
0.310644
0.31068
0.310813
0.310904
0.311029
0.312032
0.312437
0.312515
0.312648
0.31285
0.313116
0.313311
0.313609
0.313739
0.313949
0.314022
0.314353
0.31437
0.314455
0.314865
0.315013
0.315023
0.315062
0.315225
0.315228
0.315567
0.315637
0.315742
0.315886
0.316108
0.316125
0.316223
0.316366
0.316456
0.316475
0.3166
0.317161
0.317256
0.317507
0.317602
0.317992
0.318045
0.31814
0.31816
0.31843
0.318638
0.318677
0.3188
0.319177
0.319303
0.319864
0.320021
0.320482
0.320512
0.320747
0.320765
0.320899
0.321019
0.321149
0.321297
0.321328
0.32145
0.321475
0.32152
0.321577
0.321597
0.321998
0.322077
0.322107
0.32212
0.322198
0.322199
0.322403
0.32256
0.322911
0.323192
0.323205
0.323255
0.323371
0.323488
0.323626
0.323795
0.324123
0.324175
0.324376
0.324435
0.324468
0.324591
0.324865
0.325132
0.325204
0.325295
0.325519
0.325616
0.325788
0.325952
0.325959
0.326137
0.32617
0.326239
0.326279
0.326616
0.326742
0.327167
0.327194
0.327237
0.327435
0.327454
0.327822
0.327903
0.327915
0.328671
0.328705
0.328867
0.328899
0.3289
0.328901
0.329065
0.329087
0.329095
0.329365
0.329544
0.329694
0.329754
0.329918
0.330256
0.330413
0.330699
0.330751
0.330835
0.331115
0.331296
0.331589
0.331592
0.331705
0.33174
0.331826
0.331859
0.331942
0.331953
0.332403
0.332571
0.332596
0.33294
0.332991
0.333093
0.333124
0.333143
0.333357
0.333403
0.333529
0.333545
0.333591
0.333803
0.33406
0.334181
0.334191
0.334751
0.334754
0.334768
0.334776
0.33478
0.334825
0.334875
0.335132
0.335471
0.335655
0.335847
0.335908
0.336258
0.33626
0.336269
0.33687
0.337257
0.33727
0.337307
0.337339
0.337349
0.337529
0.337604
0.33809
0.338269
0.338633
0.338946
0.339002
0.339046
0.339048
0.339137
0.339216
0.339513
0.339563
0.339905
0.339936
0.340086
0.340608
0.340809
0.340865
0.34093
0.341042
0.34132
0.341837
0.341935
0.342413
0.342542
0.342665
0.342672
0.342925
0.342944
0.342962
0.343018
0.343119
0.343261
0.343359
0.34338
0.343511
0.343564
0.343632
0.343676
0.343681
0.343903
0.343927
0.343982
0.344019
0.344077
0.344459
0.344471
0.344474
0.344487
0.344521
0.34456
0.344591
0.344747
0.34477
0.345164
0.345233
0.345506
0.345523
0.345857
0.345866
0.345979
0.345995
0.346101
0.346259
0.346456
0.346688
0.346861
0.347175
0.347451
0.347535
0.347988
0.348056
0.348296
0.348391
0.349115
0.349169
0.349404
0.349587
0.349634
0.34987
0.350249
0.350457
0.350552
0.350586
0.350788
0.350865
0.350983
0.351146
0.351458
0.351685
0.35188
0.352459
0.352492
0.35255
0.352626
0.352843
0.353318
0.35332
0.353528
0.353568
0.353604
0.353616
0.353649
0.354084
0.354165
0.354352
0.354825
0.354867
0.35492
0.355171
0.355269
0.355368
0.355779
0.356051
0.356192
0.356363
0.356385
0.356427
0.356555
0.356595
0.356876
0.356949
0.357024
0.357093
0.35718
0.35726
0.35731
0.357323
0.357658
0.357738
0.358194
0.358322
0.35833
0.358656
0.358679
0.358979
0.359226
0.359462
0.35955
0.359589
0.359775
0.359966
0.360152
0.360283
0.360441
0.360502
0.360986
0.361178
0.361313
0.361363
0.361384
0.361385
0.361473
0.361739
0.361929
0.362034
0.362186
0.362423
0.362841
0.362891
0.362996
0.363081
0.363085
0.363453
0.363505
0.363778
0.363897
0.36398
0.36398
0.364036
0.364073
0.364088
0.364372
0.364374
0.364392
0.364588
0.365051
0.365191
0.365269
0.365312
0.365719
0.36585
0.36681
0.366899
0.366905
0.367146
0.367547
0.367928
0.36812
0.368266
0.368476
0.369018
0.369408
0.369669
0.369921
0.369996
0.370095
0.370228
0.370272
0.370451
0.370533
0.37058
0.370753
0.371048
0.371176
0.371222
0.371464
0.371565
0.371625
0.371659
0.371877
0.372249
0.372256
0.372324
0.372345
0.372384
0.372406
0.372451
0.372574
0.372625
0.373629
0.373721
0.373733
0.373803
0.373917
0.374072
0.374143
0.37416
0.374605
0.37487
0.374877
0.374975
0.37512
0.375297
0.375508
0.375591
0.375904
0.375906
0.376022
0.376171
0.376258
0.37629
0.376512
0.376738
0.377495
0.377522
0.377682
0.377934
0.378076
0.378165
0.378294
0.378498
0.378513
0.378828
0.378984
0.379109
0.379139
0.379292
0.379478
0.37967
0.380116
0.380149
0.380193
0.380297
0.380401
0.380539
0.380629
0.380707
0.380876
0.381
0.381066
0.381348
0.381486
0.381564
0.381673
0.382299
0.382376
0.382732
0.382805
0.382847
0.382912
0.383172
0.383926
0.384208
0.384215
0.384243
0.384286
0.384524
0.384753
0.38483
0.38489
0.38499
0.385218
0.385592
0.385756
0.386111
0.386133
0.38616
0.386208
0.386229
0.386426
0.386443
0.386541
0.386646
0.386771
0.387223
0.387478
0.387582
0.387835
0.38819
0.388819
0.388854
0.389073
0.389165
0.389225
0.389362
0.389496
0.389543
0.389566
0.389812
0.389865
0.390054
0.390181
0.390458
0.390465
0.390655
0.391168
0.391205
0.391208
0.391405
0.391407
0.391614
0.391711
0.392192
0.392884
0.393125
0.393296
0.393304
0.393325
0.393332
0.39346
0.393473
0.393558
0.393652
0.393726
0.393774
0.393793
0.393965
0.393998
0.394024
0.394083
0.394149
0.394317
0.394614
0.394735
0.394795
0.394902
0.394916
0.394926
0.394967
0.395292
0.395452
0.395459
0.39573
0.396001
0.39616
0.396373
0.396388
0.396479
0.396794
0.397139
0.397269
0.397348
0.397912
0.397914
0.398172
0.3985
0.398915
0.399774
0.399946
0.400338
0.400505
0.400776
0.400776
0.400803
0.400833
0.40102
0.401028
0.401253
0.401532
0.401883
0.402161
0.402691
0.402743
0.402993
0.403339
0.403813
0.404375
0.404628
0.404674
0.404875
0.404932
0.405101
0.405159
0.405672
0.405728
0.405851
0.405912
0.406019
0.406079
0.406463
0.406664
0.406948
0.407449
0.407929
0.408742
0.408849
0.408957
0.408996
0.40937
0.409509
0.409845
0.410075
0.410126
0.410132
0.410238
0.410276
0.411484
0.411871
0.411939
0.412001
0.41233
0.412579
0.412873
0.412938
0.413185
0.413278
0.413348
0.413583
0.413999
0.414042
0.414329
0.41456
0.414804
0.414948
0.414958
0.415176
0.415387
0.415474
0.415522
0.415616
0.41595
0.415992
0.416074
0.416096
0.416142
0.416484
0.416526
0.416592
0.416669
0.416785
0.416854
0.417084
0.417088
0.417137
0.417481
0.417591
0.417627
0.417727
0.417801
0.41783
0.417988
0.41801
0.418093
0.418257
0.419022
0.419389
0.419624
0.419849
0.420158
0.420382
0.420863
0.420944
0.421036
0.421096
0.421288
0.421574
0.421672
0.421786
0.421926
0.422706
0.423186
0.423323
0.423386
0.423407
0.42343
0.424026
0.424046
0.424111
0.424243
0.424434
0.424565
0.425057
0.425108
0.425455
0.425996
0.425998
0.426387
0.426452
0.426478
0.426766
0.426792
0.426874
0.427038
0.427123
0.427176
0.427231
0.427265
0.427375
0.427707
0.428298
0.428426
0.428962
0.42897
0.429654
0.430051
0.430248
0.430297
0.43048
0.430758
0.430784
0.430868
0.431068
0.431738
0.431951
0.432194
0.432313
0.432415
0.432472
0.432539
0.433603
0.433651
0.433699
0.433749
0.434258
0.434586
0.434663
0.434682
0.435065
0.435164
0.435591
0.435693
0.435713
0.435873
0.435896
0.435949
0.436261
0.436516
0.436694
0.436825
0.436951
0.43702
0.437166
0.437255
0.43727
0.437692
0.438019
0.438274
0.438337
0.438475
0.438545
0.438696
0.438877
0.43892
0.439317
0.439595
0.439597
0.439749
0.43978
0.439875
0.439969
0.440057
0.440503
0.440621
0.441114
0.442511
0.44252
0.442689
0.442862
0.443047
0.443597
0.444157
0.444176
0.444309
0.444589
0.445402
0.445489
0.445535
0.445731
0.445931
0.446371
0.446706
0.447029
0.447156
0.447363
0.447613
0.447619
0.447629
0.447666
0.447765
0.44785
0.447878
0.448198
0.448318
0.448335
0.448345
0.448425
0.448663
0.448747
0.448798
0.448899
0.449105
0.449282
0.449322
0.449408
0.449482
0.45017
0.450193
0.450416
0.450511
0.451366
0.451448
0.451467
0.45152
0.451656
0.452094
0.452289
0.452434
0.453003
0.453366
0.453679
0.454173
0.454336
0.454812
0.455178
0.455272
0.455602
0.45602
0.456047
0.456126
0.456242
0.456263
0.456605
0.457018
0.457167
0.457194
0.457293
0.457676
0.457775
0.458389
0.458525
0.45855
0.458717
0.459132
0.459162
0.459244
0.459362
0.459503
0.460104
0.460155
0.46026
0.460737
0.46096
0.461186
0.46134
0.461607
0.461626
0.46175
0.46263
0.462687
0.463306
0.463324
0.463453
0.464187
0.464283
0.464571
0.464726
0.464949
0.465094
0.465297
0.465741
0.466494
0.466621
0.467077
0.467455
0.467487
0.467566
0.467759
0.467787
0.468916
0.469862
0.469925
0.470497
0.470817
0.470947
0.471161
0.471271
0.471342
0.471586
0.471645
0.471859
0.472383
0.472408
0.472736
0.472927
0.473058
0.473336
0.473401
0.473409
0.473512
0.474069
0.474509
0.475334
0.475578
0.475578
0.47563
0.475712
0.476153
0.476865
0.476932
0.47728
0.477343
0.477501
0.477774
0.478013
0.478094
0.478353
0.479029
0.47909
0.479449
0.479937
0.48052
0.480817
0.480953
0.481195
0.481243
0.481514
0.481594
0.48181
0.482015
0.482015
0.482047
0.482651
0.483187
0.483781
0.484151
0.484818
0.48486
0.4851
0.485519
0.485718
0.485858
0.486018
0.486066
0.486511
0.486594
0.486837
0.487057
0.487236
0.487468
0.488228
0.488348
0.488997
0.489706
0.489715
0.489876
0.490051
0.490492
0.491106
0.491283
0.492328
0.492526
0.492822
0.493293
0.493759
0.493899
0.494018
0.494464
0.494471
0.494679
0.494689
0.495019
0.495211
0.495566
0.495656
0.495863
0.495979
0.495995
0.496343
0.496379
0.496931
0.496998
0.497282
0.497555
0.497693
0.497862
0.498001
0.498058
0.498207
0.498341
0.498698
0.498937
0.500498
0.500651
0.501234
0.502
0.502162
0.502318
0.502427
0.502494
0.502587
0.502666
0.502754
0.502896
0.503166
0.503266
0.503775
0.503928
0.504261
0.504324
0.504421
0.504963
0.50498
0.505077
0.505171
0.505225
0.505903
0.506325
0.50661
0.507022
0.507082
0.507488
0.507492
0.507564
0.509357
0.509611
0.510122
0.51038
0.510718
0.510863
0.511091
0.511271
0.51139
0.511649
0.511806
0.512021
0.512076
0.512092
0.512456
0.512617
0.51294
0.51321
0.513422
0.513788
0.514383
0.514391
0.514581
0.514739
0.514916
0.514982
0.515137
0.515164
0.515369
0.515481
0.515837
0.515905
0.516008
0.516213
0.516732
0.51695
0.517451
0.51749
0.517878
0.517925
0.518076
0.518262
0.51854
0.519293
0.51949
0.519578
0.519993
0.520084
0.520148
0.52015
0.520335
0.52034
0.520884
0.521352
0.521467
0.522145
0.52228
0.522335
0.522625
0.522642
0.522791
0.523018
0.523103
0.523225
0.523288
0.523465
0.523482
0.523502
0.523743
0.524389
0.524726
0.524734
0.524886
0.525642
0.525899
0.525909
0.525914
0.526218
0.526399
0.526733
0.526909
0.527321
0.527411
0.527566
0.527607
0.527744
0.527771
0.527841
0.527961
0.527979
0.528367
0.529065
0.529338
0.529425
0.529609
0.529613
0.530173
0.530247
0.5307
0.531321
0.531399
0.53171
0.532593
0.532775
0.532947
0.532996
0.533401
0.533541
0.534041
0.534147
0.534238
0.534892
0.53493
0.535017
0.535094
0.535305
0.53572
0.536221
0.536276
0.536318
0.53726
0.537323
0.537674
0.538215
0.538376
0.538562
0.5386
0.539165
0.539676
0.539916
0.54014
0.540199
0.540347
0.54055
0.540706
0.541393
0.541748
0.54177
0.541999
0.542526
0.542695
0.543016
0.543303
0.543337
0.543765
0.544309
0.544433
0.544483
0.544915
0.545272
0.545963
0.546075
0.546269
0.546511
0.546587
0.546742
0.546772
0.546923
0.547023
0.547097
0.54745
0.547601
0.547625
0.547655
0.547767
0.547998
0.548434
0.54849
0.54868
0.548984
0.54916
0.549208
0.549512
0.549657
0.549964
0.550241
0.550255
0.550706
0.550786
0.55088
0.550955
0.551311
0.553454
0.553679
0.554015
0.554341
0.554432
0.554991
0.555225
0.555474
0.55552
0.555664
0.555741
0.555779
0.556267
0.556451
0.556701
0.556916
0.558419
0.558959
0.56022
0.560276
0.560455
0.560473
0.561503
0.561897
0.562104
0.562211
0.562404
0.563175
0.563294
0.563983
0.564262
0.564276
0.564422
0.564478
0.564628
0.564909
0.5651
0.56552
0.565627
0.56597
0.566394
0.566626
0.567205
0.567343
0.567789
0.567835
0.567997
0.568052
0.568173
0.568224
0.568503
0.569195
0.569406
0.569662
0.569682
0.569906
0.569908
0.570039
0.570258
0.570468
0.570752
0.570979
0.571134
0.571209
0.57122
0.571258
0.571651
0.57256
0.572653
0.572965
0.573165
0.573386
0.573638
0.573959
0.574264
0.574553
0.574928
0.575249
0.575664
0.575692
0.576245
0.57734
0.577464
0.578324
0.578425
0.57991
0.580381
0.58109
0.581555
0.582069
0.582378
0.582536
0.582799
0.582992
0.583139
0.583865
0.584232
0.584406
0.584435
0.585088
0.585167
0.58518
0.586183
0.586324
0.586727
0.587025
0.587579
0.588352
0.588388
0.589317
0.58946
0.589623
0.589688
0.5897
0.589871
0.589957
0.590473
0.590679
0.590689
0.59122
0.592171
0.592493
0.592545
0.592633
0.592672
0.592747
0.592952
0.593572
0.593682
0.593857
0.595049
0.595652
0.596438
0.597676
0.597785
0.597885
0.59861
0.598638
0.598945
0.599252
0.599325
0.599551
0.599628
0.599859
0.599923
0.600116
0.600246
0.600425
0.600524
0.600555
0.60142
0.60155
0.601704
0.601734
0.602078
0.602396
0.602602
0.602706
0.602743
0.602819
0.603179
0.603552
0.604284
0.60433
0.604837
0.605377
0.605501
0.605677
0.606831
0.607051
0.607235
0.607353
0.607966
0.608614
0.608643
0.608657
0.609089
0.609448
0.610595
0.610915
0.610924
0.61107
0.611423
0.61165
0.612007
0.612144
0.612329
0.612906
0.612996
0.613098
0.613214
0.613222
0.61323
0.61344
0.613502
0.613931
0.614236
0.614279
0.615275
0.615559
0.61577
0.615803
0.616589
0.616984
0.617424
0.617565
0.617891
0.618059
0.618153
0.618529
0.619125
0.619309
0.619448
0.61968
0.61983
0.619836
0.619887
0.619965
0.620182
0.620812
0.620838
0.620992
0.621677
0.6218
0.621812
0.621875
0.621947
0.622021
0.622062
0.622069
0.622355
0.623288
0.623559
0.623713
0.623884
0.623899
0.624438
0.624618
0.624713
0.624741
0.624784
0.624829
0.624961
0.625659
0.626324
0.626683
0.626722
0.626983
0.627309
0.627566
0.627607
0.627733
0.628082
0.628405
0.628705
0.628809
0.629402
0.629516
0.629787
0.62983
0.629851
0.63017
0.630172
0.631094
0.631245
0.63148
0.631953
0.632136
0.632268
0.63233
0.632705
0.633434
0.633659
0.633833
0.633917
0.634033
0.634034
0.634099
0.634226
0.634581
0.634719
0.635581
0.635973
0.636172
0.636356
0.636676
0.63669
0.636832
0.63692
0.63693
0.636969
0.637131
0.637173
0.637335
0.63771
0.637752
0.637791
0.637939
0.638352
0.638555
0.638817
0.638932
0.639084
0.639307
0.639432
0.639728
0.640103
0.640781
0.641102
0.641214
0.641379
0.641486
0.642626
0.642703
0.642912
0.644167
0.644474
0.646141
0.646759
0.646987
0.647065
0.647428
0.647724
0.648603
0.64915
0.649319
0.649841
0.650297
0.650459
0.650482
0.651116
0.651148
0.651905
0.653047
0.653442
0.653807
0.653899
0.654722
0.654779
0.655062
0.656029
0.6563
0.657285
0.65759
0.65788
0.658169
0.658843
0.65914
0.659503
0.659903
0.659986
0.660687
0.660764
0.660774
0.660889
0.660922
0.662194
0.662438
0.662776
0.66313
0.66454
0.664625
0.664682
0.665854
0.665974
0.666731
0.666843
0.66702
0.667082
0.667375
0.667393
0.668007
0.668784
0.670403
0.670479
0.670821
0.671062
0.672144
0.672258
0.67235
0.672492
0.672503
0.672691
0.672756
0.672976
0.673844
0.675189
0.675271
0.675337
0.675408
0.675496
0.676116
0.67631
0.676352
0.676509
0.677066
0.677265
0.677275
0.677679
0.67773
0.677897
0.6783
0.678746
0.678781
0.678794
0.678864
0.67892
0.679405
0.679456
0.679584
0.680572
0.680599
0.680914
0.681024
0.681695
0.681862
0.682444
0.682567
0.682868
0.682884
0.68299
0.68353
0.683779
0.685265
0.685463
0.686013
0.686095
0.687743
0.687934
0.688181
0.688984
0.689102
0.689243
0.69073
0.690924
0.691402
0.69267
0.693782
0.693793
0.694093
0.694177
0.694279
0.694962
0.696535
0.696583
0.697294
0.697573
0.698458
0.699226
0.700056
0.700755
0.702886
0.702913
0.703044
0.70312
0.703232
0.703259
0.704536
0.704608
0.705841
0.706007
0.70617
0.707151
0.707373
0.708377
0.708787
0.708866
0.709553
0.710312
0.710463
0.71058
0.711494
0.712534
0.712941
0.713782
0.714496
0.715252
0.71568
0.715917
0.716046
0.71643
0.717199
0.717207
0.717296
0.717408
0.717666
0.717749
0.718617
0.718709
0.719237
0.71933
0.719777
0.719883
0.720387
0.721774
0.722552
0.722759
0.723453
0.724147
0.724745
0.725327
0.725567
0.725582
0.725859
0.726074
0.726231
0.726396
0.726965
0.727542
0.727751
0.727768
0.727894
0.728377
0.728671
0.729481
0.729625
0.730909
0.730984
0.731053
0.73157
0.731587
0.73181
0.732104
0.732367
0.732392
0.732472
0.732786
0.733037
0.733235
0.733419
0.73348
0.733818
0.73396
0.734165
0.734501
0.734754
0.734791
0.735788
0.73657
0.736646
0.736985
0.737929
0.738266
0.739003
0.739189
0.739257
0.73996
0.740095
0.740335
0.740342
0.740552
0.741999
0.74208
0.742392
0.742798
0.742994
0.743455
0.743724
0.743767
0.743868
0.743909
0.744045
0.745559
0.745619
0.745919
0.746652
0.746711
0.747513
0.74804
0.748458
0.748744
0.749264
0.749323
0.749521
0.749618
0.749879
0.749999
0.75027
0.750518
0.750662
0.750888
0.751651
0.752089
0.752306
0.752588
0.75289
0.753291
0.754292
0.754706
0.755039
0.755585
0.755864
0.756278
0.756611
0.757709
0.757781
0.757806
0.758236
0.7586
0.758872
0.759181
0.761115
0.76132
0.762289
0.763093
0.763469
0.764426
0.764471
0.764507
0.765176
0.765513
0.765707
0.765805
0.765926
0.766743
0.767168
0.767977
0.769362
0.769699
0.771093
0.771185
0.771881
0.772101
0.772809
0.773264
0.773434
0.773931
0.774986
0.775226
0.776109
0.776612
0.776791
0.777002
0.777258
0.777664
0.778854
0.77904
0.780261
0.78156
0.781851
0.782255
0.783816
0.784528
0.78484
0.785617
0.786375
0.786496
0.786703
0.787438
0.787599
0.787814
0.788174
0.788358
0.78868
0.788791
0.789169
0.789549
0.789664
0.789798
0.789919
0.790479
0.790606
0.790924
0.793725
0.796101
0.796687
0.797147
0.798209
0.798249
0.798453
0.798674
0.798813
0.799719
0.801517
0.801524
0.801783
0.802045
0.80212
0.802196
0.802653
0.804987
0.805176
0.805794
0.80605
0.806248
0.806942
0.807397
0.807562
0.807688
0.811184
0.811948
0.81196
0.81197
0.812017
0.812212
0.812263
0.813135
0.814007
0.814996
0.81505
0.815162
0.815881
0.816282
0.816528
0.816686
0.817176
0.817325
0.817414
0.81837
0.818709
0.818972
0.819055
0.819202
0.819378
0.81967
0.819865
0.820026
0.820644
0.82078
0.8208
0.821513
0.821551
0.822075
0.824396
0.824826
0.825808
0.828346
0.828626
0.829045
0.829315
0.829349
0.829422
0.830308
0.830381
0.830773
0.830967
0.831003
0.831223
0.831249
0.831588
0.831639
0.832569
0.832977
0.833331
0.833716
0.833764
0.834001
0.834031
0.83424
0.834654
0.834675
0.834832
0.834859
0.835148
0.836558
0.837384
0.838022
0.838237
0.839107
0.83935
0.839884
0.840282
0.840467
0.841538
0.842489
0.843516
0.843716
0.844758
0.845307
0.845669
0.846956
0.847338
0.847491
0.848019
0.849197
0.849676
0.850263
0.850417
0.850851
0.851632
0.851729
0.852618
0.852628
0.853474
0.853766
0.853839
0.854011
0.854106
0.854152
0.854159
0.854323
0.854944
0.855058
0.855141
0.855254
0.855495
0.856326
0.857133
0.85769
0.85782
0.858113
0.858152
0.858484
0.859716
0.862245
0.862398
0.862462
0.86273
0.863061
0.863327
0.863581
0.863677
0.863699
0.864005
0.864905
0.865301
0.865484
0.865765
0.866081
0.86708
0.868897
0.86893
0.869098
0.869185
0.869218
0.869405
0.870045
0.871966
0.872794
0.873765
0.876805
0.877025
0.877724
0.879088
0.880246
0.88033
0.880517
0.880551
0.881147
0.882236
0.882272
0.882798
0.883349
0.883456
0.883524
0.887494
0.888192
0.888471
0.888741
0.889453
0.889847
0.889929
0.890196
0.890966
0.891676
0.891719
0.893087
0.893551
0.893779
0.894747
0.895021
0.896738
0.897091
0.897454
0.897687
0.897688
0.898068
0.898922
0.899901
0.900405
0.90067
0.901127
0.901371
0.901828
0.901948
0.903826
0.904865
0.904881
0.90492
0.90497
0.905386
0.905471
0.905807
0.905923
0.905932
0.907529
0.908752
0.908824
0.909089
0.909313
0.910384
0.910463
0.910625
0.911432
0.911872
0.912214
0.912499
0.912555
0.912709
0.912993
0.91349
0.913949
0.914953
0.916139
0.9164
0.916913
0.918254
0.918831
0.919011
0.919142
0.919448
0.922045
0.922115
0.922165
0.922227
0.92276
0.925027
0.925166
0.925285
0.925577
0.925766
0.926276
0.927209
0.927357
0.92778
0.928258
0.928259
0.928519
0.929526
0.929643
0.929917
0.92996
0.930076
0.931846
0.933758
0.934605
0.936757
0.936977
0.937472
0.937606
0.937897
0.938488
0.938829
0.939286
0.939492
0.939496
0.940407
0.940724
0.941082
0.942162
0.942626
0.942679
0.942732
0.944369
0.947328
0.94754
0.947574
0.947811
0.949494
0.950596
0.9508
0.951528
0.952383
0.954049
0.95484
0.955315
0.95574
0.957133
0.957697
0.958189
0.96116
0.962763
0.963228
0.963461
0.963494
0.963944
0.964201
0.96537
0.965555
0.967049
0.967137
0.968024
0.968357
0.968368
0.969107
0.971218
0.972674
0.973202
0.973386
0.973607
0.974093
0.974111
0.975192
0.976387
0.976397
0.97647
0.976755
0.976803
0.977668
0.977956
0.97945
0.979868
0.97992
0.980118
0.980611
0.981061
0.981529
0.981923
0.982487
0.983335
0.983629
0.983655
0.985864
0.986146
0.986746
0.987318
0.987644
0.987734
0.988743
0.989129
0.989462
0.990171
0.993214
0.993411
0.993835
0.993972
0.994312
0.994459
0.994946
0.995594
0.995997
0.996282
0.998616
0.998656
0.999337
0.999718
0.9998
1.001448
1.00156
1.00323
1.003779
1.003994
1.004197
1.004374
1.004475
1.004501
1.005148
1.005302
1.005657
1.00591
1.006024
1.006923
1.007225
1.008425
1.008486
1.008794
1.009161
1.009352
1.00956
1.009914
1.009917
1.010361
1.011173
1.012564
1.013323
1.014344
1.016485
1.016988
1.017105
1.017229
1.017571
1.018174
1.019132
1.019327
1.019379
1.02005
1.021386
1.021996
1.024237
1.025471
1.027683
1.027911
1.028073
1.028528
1.028674
1.03036
1.031593
1.032239
1.032407
1.033777
1.034292
1.03546
1.036106
1.036283
1.036662
1.039016
1.039067
1.041398
1.041438
1.041555
1.042534
1.043535
1.044166
1.046329
1.046623
1.046956
1.046985
1.046997
1.048954
1.049978
1.050212
1.05067
1.051325
1.051381
1.051487
1.051741
1.052278
1.053296
1.053526
1.056047
1.057304
1.057534
1.057722
1.057841
1.058205
1.058777
1.059817
1.061029
1.062049
1.063861
1.064786
1.065415
1.066247
1.066642
1.067263
1.068446
1.069053
1.069278
1.070158
1.070357
1.071094
1.071616
1.072496
1.074729
1.076609
1.076957
1.078095
1.0782
1.078285
1.078289
1.078558
1.079964
1.081639
1.081669
1.081953
1.082278
1.082445
1.0829
1.083142
1.083156
1.083492
1.084638
1.08589
1.087029
1.087658
1.088292
1.088543
1.088544
1.088572
1.089726
1.089757
1.090052
1.091311
1.091516
1.092251
1.093187
1.093224
1.094112
1.096072
1.097872
1.098124
1.09913
1.099165
1.099397
1.099803
1.102247
1.1044
1.105158
1.106152
1.107477
1.108899
1.109022
1.109738
1.110791
1.111056
1.112027
1.112314
1.112351
1.113069
1.114656
1.116592
1.11667
1.117135
1.117349
1.118099
1.118362
1.11854
1.119065
1.119447
1.122273
1.122434
1.123104
1.123174
1.124807
1.125112
1.126161
1.126208
1.126985
1.127213
1.12964
1.129974
1.130811
1.130841
1.130845
1.131562
1.131591
1.131959
1.132079
1.132535
1.132638
1.133032
1.133548
1.133581
1.133968
1.134559
1.13557
1.135691
1.137085
1.138417
1.1411
1.141241
1.143312
1.144244
1.144537
1.144849
1.14603
1.146682
1.147379
1.14803
1.148393
1.151557
1.152112
1.152121
1.153148
1.153749
1.153778
1.155533
1.15597
1.156187
1.15644
1.158411
1.1608
1.161413
1.162441
1.163009
1.16318
1.163584
1.163867
1.165381
1.165801
1.16591
1.16668
1.168327
1.168499
1.169165
1.17009
1.171435
1.171743
1.172001
1.172238
1.17327
1.17575
1.176481
1.176608
1.177021
1.177583
1.179196
1.179947
1.182118
1.182135
1.18249
1.183368
1.18367
1.186318
1.187109
1.187415
1.18742
1.188698
1.189814
1.191603
1.192245
1.193316
1.193501
1.193966
1.194211
1.194432
1.195539
1.196309
1.197805
1.197881
1.202805
1.20285
1.203046
1.203292
1.203354
1.203695
1.203842
1.203937
1.204924
1.205218
1.205491
1.206373
1.207059
1.207659
1.209012
1.209917
1.211204
1.211513
1.211802
1.212459
1.212666
1.2129
1.213617
1.214059
1.214194
1.214846
1.215732
1.216618
1.217506
1.218443
1.219706
1.219794
1.222331
1.223501
1.22444
1.225537
1.225941
1.226126
1.226667
1.226699
1.226936
1.227423
1.228003
1.228177
1.228351
1.229702
1.231168
1.232228
1.233539
1.233877
1.233918
1.235527
1.23594
1.236076
1.23826
1.238884
1.238976
1.238987
1.239185
1.239301
1.239958
1.240485
1.241641
1.241989
1.242901
1.243539
1.243878
1.244552
1.245614
1.246871
1.247588
1.247794
1.248497
1.249782
1.249856
1.250047
1.250122
1.250282
1.250408
1.250848
1.250955
1.25233
1.252451
1.252527
1.252918
1.255421
1.256757
1.258108
1.258592
1.259656
1.26021
1.260358
1.260941
1.261576
1.261788
1.261972
1.263356
1.264309
1.264867
1.270415
1.271233
1.272057
1.272814
1.273629
1.27446
1.274472
1.275659
1.27566
1.275881
1.276352
1.276768
1.277373
1.277555
1.277753
1.278434
1.278626
1.281044
1.282571
1.283599
1.284855
1.287074
1.288631
1.293759
1.294916
1.295634
1.296342
1.296364
1.29712
1.298655
1.302381
1.307703
1.308136
1.308929
1.31618
1.322045
1.323232
1.32513
1.326059
1.326405
1.327379
1.331733
1.332021
1.334431
1.33596
1.339929
1.341258
1.342571
1.34261
1.342619
1.345269
1.346653
1.346723
1.349268
1.350828
1.350848
1.3512
1.352194
1.355207
1.358056
1.359839
1.361583
1.362704
1.363856
1.36425
1.365342
1.366021
1.366326
1.368998
1.369188
1.370824
1.371607
1.3717
1.372278
1.372594
1.373688
1.373786
1.373924
1.377157
1.379234
1.379944
1.38001
1.380595
1.383452
1.385482
1.385853
1.386985
1.386999
1.387171
1.39147
1.395265
1.396318
1.398964
1.400183
1.400703
1.401885
1.402764
1.403612
1.403654
1.403666
1.404438
1.405158
1.40742
1.409669
1.413474
1.413975
1.417664
1.41943
1.4196
1.419607
1.422522
1.424173
1.426223
1.426589
1.427685
1.428132
1.428802
1.429976
1.430559
1.430837
1.43606
1.437597
1.438512
1.439324
1.439761
1.439818
1.439876
1.44055
1.44076
1.441039
1.441043
1.441235
1.441657
1.443884
1.446819
1.44683
1.44701
1.447907
1.448735
1.449249
1.449395
1.449752
1.450821
1.453069
1.453089
1.453311
1.453446
1.454379
1.454654
1.455373
1.455535
1.456662
1.456818
1.457602
1.45881
1.460216
1.460343
1.462966
1.465016
1.465604
1.465747
1.467606
1.470161
1.470866
1.472601
1.475108
1.475845
1.476916
1.478585
1.478624
1.478629
1.482431
1.485451
1.485778
1.488392
1.490024
1.491335
1.496287
1.497553
1.49865
1.500455
1.502194
1.50244
1.502787
1.505218
1.505579
1.505624
1.508018
1.509851
1.511252
1.511531
1.511748
1.513038
1.514167
1.514265
1.517449
1.517896
1.519898
1.520097
1.520456
1.520814
1.52145
1.523085
1.527154
1.533079
1.534612
1.53691
1.537316
1.537886
1.539244
1.542876
1.545069
1.547206
1.548218
1.549164
1.550676
1.557075
1.561607
1.563154
1.565206
1.568811
1.570826
1.577843
1.578388
1.579445
1.581249
1.581657
1.584047
1.585472
1.586947
1.587335
1.594508
1.596016
1.597007
1.598666
1.5992
1.603417
1.604954
1.606157
1.61141
1.612018
1.615334
1.618059
1.622105
1.622394
1.623153
1.629343
1.629928
1.630149
1.632192
1.633174
1.636591
1.637432
1.638913
1.639786
1.641119
1.650588
1.653691
1.657403
1.666241
1.667262
1.667283
1.669433
1.671797
1.672083
1.676519
1.678253
1.678407
1.679607
1.679631
1.681981
1.682309
1.683662
1.687463
1.68997
1.690411
1.690673
1.691557
1.698588
1.698914
1.70027
1.706194
1.708328
1.708792
1.710942
1.712445
1.723508
1.727688
1.72954
1.730755
1.73173
1.738227
1.738278
1.738605
1.740028
1.744912
1.744949
1.746386
1.747179
1.747672
1.74777
1.751162
1.751183
1.751604
1.756218
1.757611
1.759095
1.762228
1.764792
1.765121
1.770938
1.773463
1.77727
1.779731
1.780366
1.781817
1.782663
1.7878
1.791335
1.792066
1.793918
1.795202
1.795401
1.796295
1.796543
1.797465
1.800183
1.805547
1.806012
1.806277
1.807749
1.808572
1.812753
1.814925
1.817537
1.819939
1.821241
1.82705
1.82789
1.828014
1.828057
1.830502
1.831529
1.834776
1.83783
1.840122
1.841443
1.843841
1.854201
1.865328
1.865927
1.867373
1.867667
1.867858
1.868614
1.869936
1.870609
1.871322
1.872106
1.874172
1.874351
1.876681
1.878528
1.879931
1.883129
1.886179
1.887333
1.888668
1.891896
1.893267
1.893915
1.893975
1.900466
1.902101
1.904057
1.904922
1.905772
1.906956
1.90969
1.909979
1.911018
1.914087
1.914775
1.917472
1.920696
1.921707
1.924873
1.925196
1.925907
1.926011
1.935038
1.936414
1.936844
1.938768
1.940008
1.942829
1.943768
1.944282
1.945472
1.947472
1.949499
1.95063
1.951692
1.953527
1.965999
1.968287
1.969597
1.971275
1.97259
1.972715
1.973628
1.974996
1.97541
1.983783
1.985944
1.986044
1.986421
1.987254
1.987345
1.988299
2.007447
2.010209
2.013764
2.014762
2.015671
2.016386
2.016933
2.020612
2.024042
2.027419
2.034316
2.035463
2.035466
2.036311
2.036462
2.037795
2.047038
2.051822
2.05282
2.053699
2.061394
2.070463
2.071216
2.07124
2.074918
2.07693
2.078483
2.079218
2.079375
2.081321
2.084138
2.084735
2.086318
2.088945
2.092979
2.096561
2.096562
2.097215
2.104369
2.106496
2.108266
2.108794
2.11087
2.112117
2.113706
2.117615
2.119654
2.122917
2.126377
2.127895
2.128412
2.129168
2.132823
2.135329
2.136016
2.139504
2.140274
2.142807
2.146601
2.153338
2.155675
2.157544
2.158753
2.163086
2.164255
2.169299
2.174697
2.177821
2.178105
2.179542
2.183365
2.184173
2.188297
2.188497
2.188956
2.193765
2.194487
2.195646
2.200428
2.20493
2.206884
2.20958
2.212916
2.213978
2.219556
2.223953
2.230544
2.235575
2.238431
2.252205
2.255503
2.258056
2.268365
2.269183
2.269318
2.271036
2.272013
2.274499
2.297597
2.30043
2.307645
2.307675
2.318249
2.326751
2.329623
2.337068
2.338251
2.341425
2.343125
2.343609
2.348556
2.34876
2.353531
2.355068
2.358474
2.361285
2.361852
2.3658
2.370637
2.380143
2.385982
2.387783
2.388797
2.394816
2.395684
2.396493
2.400774
2.400962
2.407796
2.409102
2.409185
2.412249
2.415181
2.416032
2.419537
2.421346
2.436077
2.4498
2.4542
2.461571
2.464502
2.47123
2.47322
2.474336
2.478822
2.480623
2.484388
2.48503
2.489759
2.491834
2.49502
2.49983
2.503369
2.514839
2.520171
2.523746
2.524017
2.526138
2.530799
2.533032
2.534762
2.535562
2.54061
2.546446
2.548249
2.554133
2.557706
2.572444
2.575761
2.590087
2.591477
2.595234
2.595402
2.59957
2.61379
2.623231
2.628738
2.631432
2.632691
2.633013
2.638177
2.644387
2.64833
2.651317
2.651759
2.66089
2.663116
2.666161
2.672062
2.673639
2.676404
2.677959
2.684131
2.685425
2.697868
2.698736
2.700292
2.70597
2.712904
2.717612
2.721201
2.72326
2.725718
2.730762
2.73166
2.739549
2.740334
2.746767
2.749085
2.758399
2.760598
2.761584
2.774351
2.78092
2.789715
2.79347
2.797254
2.798015
2.801191
2.801433
2.814642
2.815128
2.821447
2.823897
2.828498
2.83243
2.840511
2.840802
2.849221
2.852768
2.858073
2.862734
2.865044
2.872291
2.886263
2.892254
2.898379
2.912658
2.918802
2.9266
2.936943
2.939102
2.94248
2.944199
2.948355
2.966401
2.967367
2.968689
2.969292
2.97342
2.97738
2.97807
2.983548
2.99681
2.998642
3.002431
3.010686
3.017046
3.034823
3.040093
3.040959
3.04315
3.05472
3.064308
3.078273
3.086039
3.090779
3.093234
3.09502
3.100226
3.104353
3.108815
3.117041
3.123342
3.139589
3.141106
3.144585
3.150765
3.200943
3.218301
3.221588
3.24222
3.245435
3.26086
3.280793
3.287808
3.287845
3.300743
3.303817
3.312753
3.33283
3.349798
3.364634
3.376259
3.377263
3.380308
3.390608
3.39554
3.424719
3.428058
3.436425
3.436571
3.452983
3.485007
3.488253
3.501708
3.524394
3.527454
3.558714
3.562271
3.564474
3.576881
3.586262
3.603666
3.615367
3.620354
3.657297
3.743026
3.750012
3.825541
3.851732
3.873522
3.885868
3.93465
3.946667
4.002395
4.007596
4.067969
4.103056
4.168542
4.175352
4.220037
4.220101
4.234642
4.237294
4.249007
4.253117
4.266598
4.333276
4.351707
4.524018
4.562392
4.61842
4.637523
4.65355
4.673982
4.67802
4.695043
4.767419
4.779319
4.7797
4.790709
4.861239
4.938742
4.948361
4.972433
5.013641
5.104717
5.11189
5.120044
5.125659
5.15708
5.157957
5.175672
5.194986
5.259763
5.272639
5.370271
5.521506
5.603361
5.626451
5.643606
5.70027
5.794316
5.831608
5.852837
5.861649
5.9067
5.907637
5.922752
5.950315
5.961385
5.97631
6.342152
6.59729
6.841404
7.623414
7.646804
8.031322
8.198839
8.93129
9.284143
11.551252
12.195418
12.84828
18.32762
