-0.581379
-0.460793
-0.318741
-0.309341
-0.308809
-0.243514
-0.169825
-0.135845
-0.127109
-0.118295
-0.109531
-0.105096
-0.098543
-0.09734
-0.096379
-0.083513
-0.081328
-0.080717
-0.077398
-0.07733
-0.077272
-0.077147
-0.076695
-0.073505
-0.071687
-0.064151
-0.063154
-0.063126
-0.059625
-0.059064
-0.056079
-0.055736
-0.053936
-0.051538
-0.051423
-0.048607
-0.04762
-0.047499
-0.046075
-0.04352
-0.04284
-0.041715
-0.040793
-0.040122
-0.039314
-0.038496
-0.038435
-0.038052
-0.037943
-0.037471
-0.036382
-0.035178
-0.035126
-0.034615
-0.034405
-0.03407
-0.033829
-0.033552
-0.0323
-0.032027
-0.031839
-0.031799
-0.031586
-0.03055
-0.029474
-0.029184
-0.028519
-0.028411
-0.028318
-0.028193
-0.027786
-0.027173
-0.026704
-0.026654
-0.026399
-0.026385
-0.026322
-0.02591
-0.025426
-0.025123
-0.024688
-0.024674
-0.024584
-0.024564
-0.024413
-0.024284
-0.024034
-0.02293
-0.022848
-0.022488
-0.02195
-0.021913
-0.021794
-0.021581
-0.021536
-0.02122
-0.020657
-0.020423
-0.020147
-0.019833
-0.019486
-0.019342
-0.019167
-0.019153
-0.01894
-0.018677
-0.018464
-0.018405
-0.0183
-0.018298
-0.018206
-0.018055
-0.017893
-0.017647
-0.017523
-0.017288
-0.017202
-0.01717
-0.017
-0.016805
-0.016804
-0.016659
-0.016525
-0.016413
-0.016167
-0.01614
-0.015996
-0.015753
-0.01563
-0.015573
-0.014988
-0.014761
-0.014491
-0.014426
-0.014411
-0.014285
-0.014049
-0.014036
-0.013709
-0.013516
-0.013418
-0.013378
-0.013375
-0.01329
-0.013225
-0.01316
-0.013108
-0.012738
-0.012696
-0.012487
-0.012141
-0.01211
-0.012056
-0.01202
-0.011932
-0.011918
-0.011826
-0.011697
-0.01169
-0.011633
-0.011577
-0.011434
-0.011409
-0.01126
-0.011187
-0.011151
-0.011103
-0.010823
-0.010662
-0.010374
-0.010276
-0.010189
-0.010131
-0.010103
-0.009989
-0.009918
-0.009803
-0.009777
-0.009755
-0.009698
-0.009605
-0.009549
-0.009525
-0.009432
-0.009429
-0.00934
-0.009235
-0.009184
-0.009182
-0.009074
-0.008973
-0.008932
-0.008859
-0.008715
-0.008578
-0.008428
-0.008317
-0.008316
-0.008313
-0.008226
-0.008216
-0.008204
-0.008073
-0.008056
-0.008048
-0.007907
-0.007831
-0.007711
-0.00769
-0.007639
-0.007592
-0.007573
-0.00752
-0.007503
-0.007392
-0.007368
-0.007271
-0.007119
-0.007094
-0.006943
-0.006885
-0.00687
-0.00686
-0.006784
-0.006741
-0.006618
-0.006533
-0.00628
-0.006238
-0.006237
-0.006214
-0.006172
-0.006146
-0.006124
-0.006123
-0.0061
-0.006016
-0.005965
-0.005852
-0.005847
-0.005781
-0.005724
-0.00571
-0.005672
-0.005627
-0.005602
-0.0056
-0.005564
-0.00547
-0.00547
-0.005451
-0.005436
-0.005419
-0.005415
-0.005395
-0.005382
-0.005316
-0.005295
-0.005295
-0.005274
-0.005243
-0.005225
-0.00519
-0.005186
-0.005135
-0.005128
-0.005088
-0.005081
-0.005074
-0.00503
-0.004986
-0.004858
-0.004838
-0.004833
-0.004754
-0.004691
-0.00466
-0.004637
-0.004607
-0.004575
-0.004536
-0.00449
-0.004449
-0.004395
-0.004359
-0.004298
-0.004278
-0.004231
-0.004227
-0.004224
-0.004218
-0.004173
-0.00413
-0.004113
-0.004082
-0.004041
-0.003998
-0.003977
-0.003899
-0.003827
-0.003765
-0.003759
-0.003658
-0.003632
-0.003591
-0.003536
-0.003517
-0.003493
-0.003485
-0.003458
-0.003443
-0.003428
-0.00335
-0.003335
-0.003312
-0.003284
-0.003238
-0.003238
-0.003175
-0.003164
-0.00314
-0.003121
-0.00309
-0.003055
-0.002942
-0.002876
-0.002861
-0.002856
-0.00285
-0.002849
-0.002814
-0.00277
-0.00275
-0.00274
-0.002726
-0.002721
-0.002676
-0.002657
-0.002632
-0.00261
-0.002586
-0.002544
-0.00253
-0.002521
-0.002507
-0.002449
-0.002411
-0.002407
-0.002395
-0.002393
-0.002331
-0.002294
-0.002287
-0.002281
-0.002278
-0.002246
-0.002227
-0.002115
-0.002101
-0.002074
-0.00206
-0.002041
-0.002028
-0.002006
-0.001994
-0.001974
-0.001958
-0.001953
-0.001952
-0.001856
-0.001803
-0.001779
-0.001735
-0.001732
-0.001727
-0.00171
-0.001699
-0.001683
-0.00167
-0.001626
-0.001598
-0.001589
-0.001554
-0.001552
-0.001544
-0.001516
-0.001515
-0.001506
-0.001495
-0.001403
-0.001402
-0.001391
-0.001391
-0.001298
-0.001282
-0.001268
-0.001259
-0.001253
-0.001246
-0.001217
-0.001191
-0.001169
-0.001149
-0.001132
-0.001127
-0.001106
-0.001093
-0.001069
-0.001068
-0.001029
-0.001007
-0.001004
-0.001002
-0.000991
-0.000985
-0.000981
-0.000952
-0.000946
-0.00091
-0.000891
-0.000888
-0.000873
-0.000863
-0.00086
-0.000842
-0.000802
-0.000788
-0.000709
-0.000701
-0.000661
-0.000655
-0.00065
-0.000633
-0.000626
-0.000619
-0.000605
-0.000601
-0.000595
-0.000595
-0.00059
-0.000587
-0.000578
-0.000539
-0.000524
-0.000519
-0.00051
-0.00051
-0.000457
-0.000449
-0.000424
-0.000414
-0.000396
-0.000345
-0.000322
-0.000277
-0.00027
-0.000231
-0.000222
-0.000182
-0.000182
-0.000182
-0.000171
-0.000171
-0.000164
-0.000106
-9.3e-05
-3.9e-05
-3.6e-05
-1.3e-05
-1e-05
9e-06
1.4e-05
2.1e-05
3e-05
4e-05
5.5e-05
6.4e-05
9e-05
0.000125
0.000127
0.000141
0.000144
0.000173
0.000176
0.000191
0.000206
0.00021
0.000217
0.000237
0.000243
0.000246
0.000246
0.000263
0.00027
0.000299
0.000338
0.00035
0.000389
0.000416
0.00042
0.000435
0.000441
0.0005
0.000506
0.000573
0.000623
0.000665
0.000706
0.000721
0.000736
0.000759
0.000767
0.000769
0.00077
0.000804
0.000818
0.000819
0.000834
0.000857
0.000874
0.000887
0.000899
0.000905
0.000924
0.000983
0.000987
0.001003
0.001004
0.001026
0.001048
0.00109
0.001096
0.001135
0.001146
0.001202
0.001212
0.001214
0.001239
0.001265
0.001273
0.001287
0.0013
0.001305
0.001316
0.001346
0.001365
0.001372
0.001484
0.001513
0.001517
0.001528
0.001532
0.001548
0.001567
0.001579
0.001606
0.001642
0.001643
0.001648
0.001664
0.001671
0.00168
0.001712
0.001715
0.001719
0.00172
0.001727
0.001759
0.001811
0.001822
0.001842
0.001854
0.001871
0.001887
0.001925
0.001948
0.001981
0.001989
0.002021
0.002025
0.002027
0.002028
0.002037
0.002062
0.002094
0.002135
0.002138
0.002149
0.002153
0.002226
0.002239
0.00224
0.002254
0.00234
0.002341
0.002343
0.002351
0.00237
0.002373
0.002382
0.002403
0.002433
0.002435
0.002444
0.002444
0.002481
0.002482
0.002487
0.002496
0.002504
0.00253
0.002535
0.002578
0.002583
0.00259
0.002601
0.002619
0.002631
0.002633
0.00264
0.002667
0.002671
0.002674
0.002692
0.002692
0.002694
0.002705
0.002713
0.002717
0.002718
0.002737
0.002737
0.002758
0.00277
0.002779
0.002793
0.002832
0.002832
0.002845
0.002862
0.002922
0.002955
0.002962
0.002973
0.002974
0.002995
0.003013
0.003045
0.003097
0.003104
0.003106
0.003115
0.003154
0.00316
0.003177
0.003179
0.003207
0.003224
0.00324
0.003242
0.003309
0.003349
0.003407
0.003413
0.003435
0.00345
0.003466
0.003588
0.003593
0.003594
0.003624
0.003625
0.003633
0.003635
0.003646
0.003656
0.003665
0.003682
0.003683
0.003699
0.003734
0.003763
0.003776
0.003785
0.003786
0.003795
0.003811
0.003816
0.003887
0.003926
0.00396
0.003965
0.003979
0.003983
0.004019
0.00402
0.004044
0.004059
0.004073
0.004086
0.004087
0.004092
0.004097
0.004119
0.004163
0.004164
0.004171
0.004173
0.004178
0.004202
0.004241
0.004254
0.004281
0.004293
0.004312
0.004332
0.004333
0.004351
0.004375
0.004375
0.0044
0.004416
0.004423
0.004424
0.00444
0.004465
0.004552
0.004566
0.004603
0.00462
0.004627
0.004648
0.004684
0.004707
0.004711
0.004724
0.004728
0.004746
0.004771
0.004775
0.004792
0.004794
0.004845
0.004853
0.004857
0.004858
0.004912
0.004933
0.004954
0.005016
0.005027
0.005031
0.005071
0.0051
0.00511
0.005111
0.005122
0.005175
0.005175
0.005178
0.005178
0.0052
0.005216
0.005218
0.005238
0.005239
0.005244
0.005282
0.005282
0.005311
0.005313
0.005324
0.005353
0.005373
0.005379
0.005386
0.005403
0.00542
0.005491
0.005516
0.005533
0.005545
0.005547
0.005594
0.005652
0.005667
0.005692
0.005694
0.00575
0.005759
0.005783
0.005792
0.005817
0.005834
0.005839
0.005867
0.005883
0.005901
0.005913
0.005935
0.005954
0.005964
0.005988
0.005996
0.006029
0.006035
0.006078
0.006086
0.006087
0.006092
0.006107
0.00613
0.006141
0.006168
0.006182
0.006193
0.006194
0.006197
0.006265
0.006292
0.006293
0.006294
0.006331
0.006393
0.006397
0.006404
0.006419
0.006458
0.00647
0.006483
0.006492
0.006503
0.006552
0.006604
0.006608
0.006627
0.006628
0.006643
0.006646
0.006648
0.006689
0.006694
0.006725
0.006742
0.006751
0.00677
0.006784
0.006806
0.006815
0.006819
0.006841
0.00686
0.006881
0.006883
0.006912
0.006944
0.007001
0.007031
0.007048
0.007051
0.007053
0.007057
0.007066
0.007068
0.007084
0.007125
0.007158
0.007208
0.007225
0.007227
0.00723
0.007233
0.007235
0.007259
0.007308
0.007353
0.007363
0.00739
0.007413
0.007419
0.007425
0.007452
0.007452
0.007466
0.007475
0.007481
0.007488
0.007516
0.007544
0.007551
0.007554
0.007559
0.007574
0.007588
0.007603
0.007612
0.007613
0.007681
0.007701
0.007704
0.007707
0.007717
0.00772
0.007726
0.007775
0.00779
0.00779
0.007804
0.007842
0.007844
0.007866
0.007873
0.007883
0.007885
0.007906
0.007989
0.007989
0.007997
0.008002
0.008005
0.00802
0.008031
0.008037
0.008068
0.008141
0.008143
0.008148
0.008155
0.008194
0.008195
0.008208
0.008208
0.008239
0.008314
0.008319
0.008419
0.00843
0.008454
0.008468
0.008484
0.008491
0.008498
0.008532
0.008549
0.008556
0.008576
0.008601
0.008647
0.008667
0.008684
0.008705
0.008732
0.008796
0.008809
0.008838
0.008882
0.008887
0.008896
0.008915
0.008926
0.008947
0.00897
0.009021
0.009031
0.009074
0.009092
0.009127
0.009127
0.009135
0.009149
0.009167
0.009251
0.009274
0.009296
0.009309
0.009334
0.009339
0.00935
0.009358
0.009379
0.009382
0.009422
0.009423
0.009461
0.009471
0.009474
0.00949
0.009504
0.009536
0.009553
0.009561
0.009594
0.009595
0.009658
0.009659
0.009768
0.009774
0.009786
0.009806
0.009954
0.009962
0.009963
0.009965
0.009976
0.00998
0.009984
0.009992
0.010006
0.010009
0.010059
0.010076
0.010081
0.010103
0.010114
0.010116
0.01016
0.010245
0.010247
0.010255
0.010294
0.010298
0.010354
0.01043
0.010433
0.010448
0.010457
0.010465
0.010475
0.010482
0.01049
0.010491
0.010493
0.010496
0.010518
0.010575
0.010582
0.010672
0.010687
0.010697
0.010705
0.010738
0.010743
0.01075
0.010761
0.010804
0.01081
0.010897
0.010901
0.010906
0.010911
0.010927
0.010941
0.01097
0.011077
0.011089
0.011099
0.011133
0.011151
0.011152
0.011211
0.011211
0.011216
0.011257
0.011271
0.011274
0.011305
0.011313
0.011325
0.011325
0.011327
0.011333
0.011339
0.011339
0.011358
0.011373
0.011389
0.011393
0.011415
0.011452
0.011491
0.011502
0.011506
0.011553
0.011619
0.011643
0.011655
0.011673
0.011673
0.011691
0.011718
0.011723
0.011734
0.011742
0.011756
0.011762
0.011767
0.011767
0.011802
0.011824
0.01185
0.011868
0.011873
0.011887
0.011972
0.011985
0.012032
0.012054
0.012088
0.012126
0.012162
0.012188
0.0122
0.012201
0.012212
0.012223
0.012263
0.012305
0.012331
0.012376
0.01239
0.012427
0.012436
0.012461
0.012461
0.012472
0.012476
0.012554
0.01259
0.012598
0.012662
0.012668
0.01268
0.012728
0.012742
0.012746
0.012755
0.012783
0.012833
0.01284
0.012851
0.012855
0.012858
0.01289
0.012902
0.012905
0.012931
0.012963
0.012989
0.012996
0.013034
0.013052
0.01306
0.013099
0.01314
0.013156
0.013157
0.013187
0.013232
0.013257
0.01328
0.013301
0.013301
0.013371
0.013412
0.013435
0.013435
0.013444
0.013449
0.013512
0.013521
0.013535
0.013558
0.013571
0.013599
0.01362
0.013633
0.013645
0.013663
0.013687
0.013701
0.013715
0.013721
0.013729
0.013776
0.013793
0.013798
0.013801
0.013857
0.013862
0.013891
0.013898
0.013911
0.014002
0.014014
0.014036
0.014044
0.014048
0.014079
0.014085
0.01409
0.014111
0.014121
0.014148
0.014168
0.014227
0.014236
0.01424
0.014267
0.014269
0.014287
0.014341
0.014374
0.014376
0.014429
0.014478
0.014488
0.014521
0.01458
0.014596
0.014766
0.014767
0.01483
0.01483
0.014834
0.014849
0.014864
0.014879
0.014889
0.014939
0.01495
0.014976
0.015015
0.015119
0.015133
0.015144
0.015158
0.015171
0.015174
0.015267
0.015297
0.015348
0.015378
0.015451
0.015462
0.015483
0.015517
0.015517
0.015537
0.01554
0.015557
0.015585
0.015594
0.015612
0.015614
0.015652
0.015658
0.015666
0.015719
0.015728
0.015731
0.015795
0.015812
0.015812
0.015841
0.015847
0.015874
0.015927
0.015953
0.015957
0.016027
0.016029
0.016032
0.016036
0.016128
0.016134
0.016153
0.016177
0.016193
0.016231
0.016242
0.016284
0.016348
0.016376
0.016398
0.01642
0.016465
0.016474
0.016478
0.016486
0.016526
0.016598
0.016602
0.016603
0.016632
0.016644
0.016646
0.016692
0.01674
0.016776
0.01679
0.01688
0.016899
0.016926
0.016967
0.016972
0.016996
0.017048
0.017056
0.017065
0.0171
0.017112
0.017139
0.017143
0.017144
0.01715
0.017151
0.017181
0.017188
0.017198
0.017212
0.017252
0.017293
0.017307
0.01731
0.017393
0.017439
0.017468
0.017487
0.017501
0.017513
0.017526
0.017547
0.017594
0.017623
0.01763
0.01764
0.01764
0.017655
0.017687
0.017699
0.017726
0.017734
0.017734
0.017735
0.017741
0.017801
0.017834
0.017849
0.017857
0.017862
0.0179
0.017913
0.017971
0.017974
0.017994
0.018009
0.018057
0.01809
0.018159
0.01823
0.018237
0.018239
0.018243
0.018273
0.018403
0.018446
0.018465
0.018489
0.018519
0.018537
0.018584
0.018605
0.01862
0.018712
0.018741
0.018882
0.018958
0.019002
0.019022
0.019032
0.019035
0.019047
0.019051
0.019072
0.019156
0.019167
0.019189
0.019217
0.019223
0.019228
0.019255
0.019257
0.019367
0.019393
0.019405
0.019408
0.019441
0.019452
0.019477
0.019501
0.01957
0.019584
0.019619
0.019643
0.019674
0.019692
0.019703
0.019705
0.019717
0.019739
0.019805
0.01983
0.019861
0.019867
0.019878
0.019884
0.020128
0.020221
0.020246
0.020267
0.020376
0.020408
0.020418
0.020439
0.020443
0.020472
0.020518
0.020582
0.020599
0.02064
0.020668
0.020677
0.020702
0.020711
0.020764
0.020788
0.020793
0.020801
0.020809
0.020811
0.020862
0.020862
0.020885
0.020926
0.020932
0.020974
0.021062
0.021075
0.021083
0.021106
0.021128
0.021181
0.021197
0.021314
0.021361
0.021375
0.021386
0.021398
0.021487
0.021507
0.021514
0.021563
0.021575
0.021587
0.021645
0.02165
0.021686
0.021745
0.021773
0.021807
0.021811
0.02182
0.021869
0.022005
0.022025
0.022063
0.022094
0.022162
0.022251
0.02228
0.022285
0.022309
0.02231
0.022311
0.022312
0.022319
0.022349
0.022377
0.022404
0.022526
0.022559
0.022562
0.022572
0.02262
0.022623
0.022624
0.022704
0.022739
0.022789
0.022821
0.022834
0.022842
0.02289
0.022916
0.022935
0.022945
0.022968
0.022979
0.022981
0.023006
0.023049
0.023057
0.023073
0.023076
0.023108
0.023116
0.023223
0.023273
0.0233
0.023312
0.023324
0.023346
0.02339
0.023407
0.023595
0.023623
0.023631
0.023631
0.02371
0.023749
0.023749
0.023761
0.023816
0.023825
0.02388
0.023913
0.023952
0.023959
0.023966
0.023978
0.023993
0.024099
0.02411
0.024214
0.024227
0.024318
0.024321
0.02433
0.024352
0.024381
0.024406
0.024419
0.024433
0.024453
0.024569
0.024611
0.024612
0.024635
0.024638
0.024666
0.024669
0.024685
0.024703
0.024787
0.024799
0.024806
0.024844
0.024891
0.024912
0.024928
0.024945
0.024962
0.024985
0.024995
0.025043
0.02511
0.025121
0.025128
0.025141
0.025172
0.025213
0.025223
0.025229
0.025362
0.025368
0.025377
0.025388
0.025398
0.025413
0.025447
0.025453
0.025498
0.025561
0.025653
0.025659
0.02569
0.025728
0.025749
0.025757
0.025821
0.025824
0.025832
0.025837
0.025847
0.025859
0.025909
0.026002
0.02608
0.026081
0.026095
0.026117
0.026197
0.026204
0.026219
0.026231
0.026386
0.026412
0.026439
0.026464
0.026484
0.026501
0.026524
0.026564
0.026575
0.026597
0.026598
0.026603
0.026632
0.026672
0.026699
0.026724
0.026726
0.026763
0.026766
0.02677
0.02693
0.026948
0.026964
0.027009
0.027053
0.027093
0.027105
0.02717
0.027177
0.02718
0.027199
0.027218
0.027224
0.027238
0.027252
0.027277
0.027277
0.027285
0.027301
0.027426
0.027435
0.027436
0.027459
0.027466
0.027527
0.02757
0.027667
0.02772
0.027731
0.027798
0.02781
0.027843
0.027846
0.027872
0.027883
0.027897
0.027931
0.027957
0.028035
0.028056
0.02807
0.028135
0.028161
0.028185
0.028222
0.028251
0.028287
0.028357
0.028375
0.028421
0.028458
0.028459
0.028476
0.028503
0.028509
0.02853
0.028548
0.028564
0.028568
0.028605
0.02864
0.028641
0.028682
0.028709
0.02873
0.028744
0.028773
0.028861
0.028867
0.028879
0.028921
0.028928
0.028936
0.028951
0.028973
0.02899
0.028998
0.029132
0.029185
0.029221
0.029239
0.029284
0.029375
0.029443
0.029453
0.029546
0.029594
0.029599
0.02961
0.029707
0.029725
0.029753
0.029832
0.029843
0.029846
0.029894
0.029946
0.030006
0.030031
0.030074
0.03012
0.030169
0.030178
0.030257
0.030299
0.030333
0.03038
0.030475
0.030491
0.030566
0.0306
0.030655
0.030661
0.030674
0.030696
0.030733
0.030808
0.030811
0.031034
0.031038
0.031066
0.031103
0.031117
0.031119
0.031185
0.03121
0.031264
0.031289
0.031291
0.031293
0.031299
0.031306
0.03135
0.031362
0.031391
0.031465
0.031512
0.031519
0.031547
0.031588
0.031595
0.031613
0.031783
0.031882
0.031892
0.031911
0.031925
0.03194
0.031963
0.031976
0.032052
0.032065
0.032103
0.032113
0.032138
0.032187
0.032207
0.032267
0.032357
0.032375
0.032432
0.03244
0.032464
0.032612
0.032618
0.032631
0.032645
0.032679
0.032694
0.032837
0.03292
0.032923
0.032923
0.032929
0.032937
0.032953
0.032975
0.03305
0.033067
0.033117
0.033124
0.033126
0.033192
0.033258
0.03332
0.033332
0.033355
0.033372
0.033456
0.033472
0.033474
0.033531
0.033573
0.033757
0.033766
0.033811
0.033853
0.033866
0.033877
0.033893
0.033988
0.03401
0.034109
0.034111
0.034121
0.034123
0.034169
0.034178
0.034183
0.034253
0.034313
0.034326
0.034427
0.034494
0.034547
0.034562
0.034569
0.034622
0.034645
0.034706
0.034755
0.034759
0.034852
0.034891
0.034899
0.034928
0.034939
0.03495
0.034965
0.03501
0.035057
0.035068
0.035143
0.035218
0.03528
0.035313
0.03532
0.035336
0.035393
0.035414
0.035529
0.035558
0.03559
0.035606
0.035653
0.035656
0.035687
0.035741
0.035824
0.035832
0.035839
0.036081
0.036097
0.03612
0.03617
0.036182
0.036333
0.036336
0.036346
0.036382
0.036389
0.036399
0.036409
0.03641
0.036415
0.036428
0.036472
0.036483
0.036543
0.036567
0.036641
0.036756
0.03676
0.03682
0.036917
0.036919
0.036928
0.036949
0.036978
0.037006
0.037022
0.037071
0.037088
0.037133
0.037178
0.037207
0.037262
0.037343
0.037348
0.037434
0.037441
0.037542
0.037584
0.037594
0.037618
0.037677
0.037712
0.037713
0.037716
0.037784
0.037819
0.037843
0.037848
0.037887
0.037992
0.038009
0.038024
0.038111
0.038203
0.038207
0.03831
0.038369
0.038393
0.038436
0.038449
0.038482
0.038534
0.03862
0.038632
0.038787
0.0388
0.038811
0.038957
0.038958
0.038961
0.038971
0.038976
0.03898
0.039066
0.039074
0.039103
0.039124
0.039134
0.039144
0.039166
0.039174
0.039285
0.039285
0.039303
0.039321
0.039323
0.039495
0.039502
0.039558
0.03959
0.039662
0.039691
0.039857
0.039959
0.04
0.040015
0.040085
0.040171
0.040268
0.040292
0.040296
0.040297
0.040369
0.040393
0.040405
0.04041
0.040425
0.040436
0.040471
0.040586
0.040586
0.040619
0.040621
0.040629
0.04063
0.040655
0.040777
0.040814
0.040874
0.040884
0.041
0.041018
0.041019
0.041054
0.041204
0.041288
0.0413
0.041312
0.041395
0.041411
0.041426
0.041486
0.041538
0.041579
0.041585
0.041593
0.041671
0.041696
0.041779
0.041839
0.041935
0.041937
0.041954
0.042049
0.042055
0.042064
0.042076
0.042085
0.042117
0.042165
0.042184
0.042198
0.042313
0.042336
0.042363
0.042469
0.042666
0.042712
0.042739
0.04275
0.042771
0.042809
0.04284
0.042917
0.042917
0.042961
0.043043
0.043057
0.043058
0.043109
0.043194
0.043208
0.043225
0.043332
0.04338
0.043392
0.043399
0.043399
0.043429
0.043533
0.043633
0.043662
0.043732
0.043855
0.043986
0.043989
0.04404
0.044158
0.044163
0.044174
0.04426
0.044267
0.044298
0.044402
0.044418
0.044487
0.04449
0.044519
0.044527
0.044567
0.044638
0.044648
0.044662
0.044704
0.044707
0.044711
0.044735
0.044882
0.044896
0.044948
0.04497
0.045111
0.045164
0.045213
0.045314
0.045366
0.045397
0.045446
0.04546
0.045508
0.04556
0.045591
0.045608
0.045613
0.04575
0.045759
0.045806
0.045846
0.04588
0.045911
0.045919
0.045927
0.046005
0.046113
0.046116
0.046123
0.046166
0.046207
0.046212
0.046471
0.046511
0.046532
0.046571
0.046646
0.046653
0.046657
0.04667
0.046683
0.046799
0.046845
0.04687
0.046874
0.046915
0.046918
0.046937
0.046968
0.046977
0.047001
0.047026
0.047083
0.047134
0.047251
0.047336
0.047382
0.047404
0.047423
0.047429
0.047594
0.047652
0.0477
0.047703
0.047728
0.047787
0.047979
0.047999
0.048008
0.048039
0.048053
0.048101
0.048132
0.048132
0.048183
0.048237
0.04827
0.048347
0.048432
0.048466
0.048516
0.048714
0.048793
0.048859
0.048889
0.048931
0.049021
0.049046
0.049096
0.049131
0.04919
0.049335
0.049345
0.049349
0.049566
0.04957
0.049587
0.049619
0.04965
0.049657
0.04968
0.049746
0.049757
0.049805
0.049841
0.049915
0.04994
0.04994
0.049958
0.049964
0.050012
0.050025
0.050055
0.050158
0.050185
0.050268
0.050275
0.050279
0.050285
0.050288
0.050364
0.050368
0.050421
0.050426
0.050472
0.0505
0.050548
0.050594
0.050631
0.050634
0.050643
0.050645
0.05069
0.050727
0.050799
0.050859
0.05086
0.050865
0.0509
0.050902
0.050938
0.051061
0.051096
0.051143
0.051184
0.051222
0.051227
0.051234
0.051259
0.051262
0.051279
0.051289
0.051322
0.051354
0.051485
0.051593
0.051677
0.051872
0.051876
0.051977
0.052054
0.0521
0.052278
0.052328
0.052354
0.052391
0.052519
0.05252
0.052563
0.052642
0.052643
0.052665
0.052707
0.052819
0.052862
0.052867
0.052882
0.052882
0.052939
0.053105
0.053114
0.053135
0.053151
0.053155
0.053184
0.053201
0.053268
0.053297
0.053406
0.053454
0.05349
0.053624
0.053763
0.05389
0.05396
0.053995
0.054061
0.054076
0.054091
0.054095
0.05412
0.054159
0.054206
0.054435
0.054466
0.054618
0.054632
0.054736
0.054776
0.054798
0.054886
0.054956
0.054994
0.055031
0.055066
0.05509
0.055116
0.055178
0.055222
0.055229
0.055422
0.055517
0.055556
0.055563
0.055566
0.055583
0.055667
0.055668
0.05576
0.055765
0.05577
0.055853
0.055864
0.055969
0.055977
0.056019
0.05616
0.056197
0.056209
0.056244
0.056245
0.056257
0.056303
0.05637
0.056435
0.056569
0.056625
0.056664
0.056713
0.056756
0.056852
0.056931
0.057011
0.057066
0.057111
0.057178
0.057213
0.057338
0.057592
0.057612
0.057748
0.057904
0.057908
0.057935
0.058051
0.058071
0.058077
0.058121
0.058128
0.05818
0.058291
0.058316
0.058347
0.058477
0.058519
0.058624
0.058711
0.058748
0.058824
0.058879
0.058914
0.058975
0.059025
0.059264
0.059324
0.059328
0.059394
0.059451
0.059463
0.059544
0.059576
0.0597
0.059723
0.059726
0.059828
0.059856
0.059892
0.059903
0.059962
0.059971
0.060069
0.060217
0.06023
0.060315
0.060464
0.060555
0.060557
0.060584
0.060592
0.060603
0.060649
0.06065
0.060775
0.060776
0.060778
0.060866
0.060903
0.060994
0.06102
0.061031
0.061055
0.061178
0.061208
0.061216
0.061258
0.061371
0.061416
0.061697
0.061807
0.061814
0.06187
0.06195
0.062023
0.062356
0.06239
0.062441
0.062541
0.06258
0.062587
0.062597
0.062609
0.0628
0.062811
0.062826
0.062848
0.062933
0.063228
0.063257
0.063313
0.063319
0.063319
0.063334
0.063341
0.063614
0.063683
0.063885
0.063968
0.064003
0.064027
0.064027
0.06403
0.064076
0.064129
0.064156
0.064229
0.064419
0.064442
0.064591
0.064703
0.064712
0.064725
0.064737
0.064968
0.065214
0.065261
0.065296
0.065407
0.065423
0.065607
0.065616
0.065617
0.065632
0.065704
0.065718
0.065937
0.065952
0.06601
0.066146
0.066168
0.066285
0.066591
0.066615
0.066636
0.066798
0.066868
0.066879
0.066932
0.066949
0.067036
0.06705
0.06708
0.067085
0.067337
0.067338
0.067366
0.06748
0.067496
0.067649
0.067734
0.067919
0.067992
0.068014
0.068077
0.068138
0.068149
0.068161
0.068377
0.068489
0.068521
0.068523
0.068524
0.06853
0.068552
0.068662
0.068842
0.068861
0.069041
0.069306
0.06932
0.069387
0.069538
0.069668
0.069677
0.069701
0.069743
0.069981
0.07
0.070143
0.070199
0.070338
0.070455
0.07056
0.070583
0.070809
0.07093
0.070934
0.070945
0.071092
0.071113
0.07112
0.071129
0.071242
0.071253
0.071277
0.071328
0.071513
0.071553
0.071682
0.071998
0.072014
0.072052
0.072155
0.0722
0.072213
0.072274
0.07231
0.072452
0.072542
0.072864
0.072907
0.073026
0.073113
0.073177
0.073242
0.073345
0.073371
0.073451
0.073584
0.073735
0.073822
0.073974
0.074064
0.074289
0.074384
0.074504
0.074553
0.074572
0.074736
0.074863
0.074908
0.074942
0.075051
0.075053
0.07509
0.075105
0.075152
0.075195
0.075299
0.075411
0.07542
0.075453
0.075599
0.075712
0.075808
0.076031
0.076064
0.076104
0.076122
0.076212
0.076214
0.076231
0.076277
0.076367
0.07659
0.076629
0.076648
0.076768
0.076929
0.077157
0.077169
0.077211
0.077229
0.077243
0.077253
0.07726
0.077304
0.07731
0.077415
0.07744
0.077477
0.077486
0.077489
0.077557
0.077701
0.077881
0.077918
0.078097
0.078181
0.078231
0.078289
0.078324
0.078325
0.078439
0.078503
0.078536
0.078573
0.07872
0.078864
0.078913
0.078971
0.079065
0.079079
0.079282
0.079285
0.07929
0.079299
0.07937
0.079769
0.07981
0.079831
0.079849
0.079856
0.079895
0.079925
0.079949
0.080028
0.080045
0.080163
0.080191
0.080252
0.080267
0.080385
0.080403
0.080407
0.080471
0.080508
0.080509
0.080657
0.080675
0.080755
0.080842
0.080846
0.080984
0.081131
0.081231
0.081248
0.081453
0.081546
0.081729
0.081832
0.082028
0.08208
0.082116
0.08215
0.08215
0.082308
0.082438
0.082452
0.082469
0.082509
0.082515
0.082659
0.082686
0.082702
0.082753
0.08276
0.082771
0.082905
0.082988
0.082993
0.083025
0.083194
0.083268
0.08336
0.083381
0.0835
0.0835
0.083516
0.083549
0.083576
0.083586
0.083596
0.083612
0.083622
0.083639
0.083659
0.083694
0.083758
0.083856
0.083946
0.083993
0.084214
0.084413
0.084521
0.084558
0.08458
0.084653
0.084728
0.084771
0.084816
0.084856
0.084885
0.084929
0.085011
0.085067
0.085096
0.085277
0.085515
0.08554
0.085553
0.085617
0.08563
0.085691
0.085698
0.085721
0.085768
0.085871
0.085891
0.085908
0.085932
0.085985
0.086134
0.086217
0.086236
0.086334
0.086417
0.08649
0.086832
0.086851
0.086902
0.086995
0.087072
0.087114
0.087133
0.087655
0.087704
0.087821
0.087855
0.088109
0.088217
0.088246
0.088348
0.088437
0.088589
0.088743
0.088867
0.088975
0.089054
0.089174
0.089194
0.089196
0.089413
0.089623
0.089632
0.089774
0.089799
0.089799
0.089841
0.089928
0.090012
0.090212
0.090351
0.090354
0.090885
0.091165
0.091193
0.091199
0.091311
0.091336
0.091382
0.091539
0.091612
0.091617
0.091756
0.091793
0.091799
0.091844
0.091881
0.091921
0.091971
0.092251
0.092288
0.092583
0.092669
0.092701
0.092714
0.09275
0.092787
0.092788
0.092808
0.092829
0.092835
0.092887
0.093094
0.093191
0.093207
0.093445
0.09346
0.093494
0.093529
0.093686
0.093713
0.093829
0.093903
0.094135
0.0942
0.094251
0.094287
0.094326
0.094389
0.094404
0.094507
0.094539
0.094545
0.094597
0.094636
0.094755
0.094927
0.095075
0.095113
0.095137
0.095472
0.095515
0.095544
0.095595
0.095732
0.095756
0.095881
0.095896
0.095912
0.095937
0.095937
0.095993
0.096178
0.096203
0.096325
0.096465
0.09652
0.096989
0.097149
0.097239
0.097429
0.097435
0.097573
0.097659
0.097713
0.097756
0.097776
0.097942
0.09826
0.098451
0.098465
0.098489
0.098528
0.098704
0.098716
0.09876
0.098775
0.098885
0.09915
0.099282
0.099405
0.099493
0.099514
0.099879
0.099937
0.10004
0.100077
0.100307
0.100336
0.100391
0.100452
0.100713
0.101229
0.101337
0.101355
0.101378
0.101484
0.10177
0.101795
0.101886
0.102126
0.102138
0.102172
0.102244
0.102304
0.102311
0.102475
0.10252
0.102573
0.10262
0.102684
0.102703
0.102738
0.102817
0.102831
0.102996
0.103055
0.103097
0.103134
0.103145
0.103184
0.103294
0.103458
0.103536
0.103851
0.103856
0.103867
0.104031
0.10411
0.10421
0.104355
0.104415
0.104756
0.105091
0.10519
0.105194
0.10524
0.105369
0.105449
0.105502
0.105656
0.105752
0.105753
0.105809
0.106169
0.106451
0.106473
0.106545
0.106559
0.106576
0.1066
0.106897
0.106997
0.107031
0.107109
0.107113
0.107223
0.107243
0.107272
0.107294
0.107325
0.107349
0.107485
0.107517
0.107645
0.10782
0.10807
0.108111
0.108277
0.10837
0.108761
0.109092
0.109119
0.109126
0.109258
0.109409
0.109445
0.109459
0.109501
0.109734
0.109959
0.109986
0.109987
0.110093
0.110167
0.110562
0.110684
0.110745
0.110884
0.110915
0.110952
0.111114
0.111115
0.111415
0.111438
0.111454
0.111495
0.111606
0.111617
0.111638
0.111824
0.111894
0.111945
0.11195
0.112016
0.112163
0.112283
0.112326
0.112437
0.112463
0.112481
0.112658
0.112661
0.113071
0.113236
0.113345
0.113399
0.113476
0.113518
0.113661
0.113705
0.113933
0.113954
0.114095
0.114316
0.114511
0.114546
0.114574
0.114778
0.114842
0.115025
0.115202
0.115417
0.115685
0.115728
0.115798
0.115801
0.115875
0.115957
0.115982
0.116026
0.116067
0.116246
0.116292
0.116479
0.116509
0.116529
0.116539
0.116812
0.116925
0.116965
0.11709
0.117161
0.117205
0.117331
0.117762
0.118135
0.118142
0.118494
0.118627
0.118631
0.118633
0.118636
0.118665
0.118812
0.119024
0.119249
0.119373
0.119374
0.11943
0.119538
0.119727
0.119741
0.119747
0.119784
0.119791
0.119865
0.119868
0.120022
0.120031
0.120237
0.120564
0.120912
0.120917
0.120964
0.120972
0.121069
0.121105
0.121166
0.121285
0.121481
0.121594
0.121638
0.12176
0.121786
0.121934
0.12217
0.122244
0.122484
0.122523
0.122612
0.122721
0.122852
0.122856
0.122872
0.123146
0.123386
0.123447
0.123596
0.123685
0.123823
0.123828
0.123949
0.124149
0.124173
0.124342
0.124596
0.124614
0.124743
0.124778
0.12478
0.124891
0.125005
0.125028
0.125106
0.125135
0.125619
0.125988
0.126064
0.126188
0.126306
0.126363
0.126607
0.126665
0.126829
0.126853
0.126954
0.127561
0.12767
0.12773
0.127757
0.127916
0.128108
0.128186
0.128246
0.128406
0.128556
0.128582
0.128607
0.128692
0.12898
0.12923
0.129323
0.12944
0.12945
0.129655
0.130198
0.130366
0.130378
0.130951
0.131693
0.131814
0.131831
0.131893
0.131943
0.132007
0.132181
0.132471
0.132496
0.132551
0.132595
0.132947
0.133141
0.133186
0.133311
0.133353
0.133546
0.133861
0.134004
0.134016
0.134032
0.134292
0.134427
0.134497
0.134699
0.134874
0.135304
0.135357
0.135381
0.13547
0.13553
0.135702
0.135834
0.136231
0.136297
0.13653
0.1366
0.136754
0.13677
0.137049
0.137493
0.137576
0.137595
0.137612
0.137792
0.1378
0.137897
0.137947
0.138049
0.138255
0.138764
0.138865
0.139047
0.139065
0.139093
0.139235
0.139372
0.139598
0.13961
0.139846
0.13991
0.139947
0.140278
0.140504
0.140802
0.140852
0.141004
0.141516
0.141517
0.142093
0.14235
0.142386
0.142513
0.143059
0.143071
0.143287
0.143289
0.143554
0.143613
0.143617
0.143812
0.143972
0.144167
0.144656
0.144795
0.144926
0.14499
0.145039
0.145197
0.145274
0.145449
0.145506
0.145727
0.14594
0.146429
0.146471
0.146523
0.146646
0.146766
0.147055
0.14709
0.147141
0.147242
0.147319
0.147368
0.147621
0.147764
0.147793
0.148281
0.148548
0.148595
0.148997
0.149621
0.149819
0.149938
0.150047
0.150065
0.150074
0.150287
0.150307
0.150441
0.150607
0.150979
0.151077
0.151188
0.151294
0.151457
0.151611
0.151685
0.151696
0.151743
0.151799
0.152006
0.152067
0.152145
0.152241
0.152498
0.153071
0.153266
0.153318
0.153382
0.153469
0.153609
0.153719
0.153763
0.153789
0.153972
0.153984
0.154092
0.154166
0.154371
0.154391
0.154487
0.154585
0.155645
0.15578
0.155834
0.156192
0.156402
0.15648
0.156552
0.156599
0.156755
0.157214
0.15757
0.157663
0.157687
0.157691
0.157975
0.158026
0.158413
0.158478
0.158514
0.15877
0.159293
0.159394
0.159775
0.159856
0.160054
0.160441
0.160779
0.160812
0.160845
0.16108
0.161176
0.161235
0.161239
0.161822
0.161944
0.162189
0.162357
0.162715
0.163254
0.163399
0.163465
0.163514
0.163893
0.164171
0.164506
0.164626
0.164712
0.16476
0.165023
0.165089
0.165242
0.165358
0.165387
0.16539
0.165675
0.165702
0.166365
0.166668
0.166956
0.167148
0.167757
0.168075
0.168131
0.168648
0.168837
0.168953
0.168956
0.169015
0.169103
0.169855
0.169959
0.170151
0.170151
0.170193
0.171329
0.171552
0.1716
0.171618
0.171788
0.171869
0.17187
0.17188
0.171947
0.171981
0.172088
0.172155
0.172286
0.172671
0.172693
0.172798
0.172993
0.173327
0.173441
0.173583
0.173873
0.173951
0.174068
0.174168
0.174332
0.174391
0.17496
0.175049
0.175237
0.175292
0.175449
0.175482
0.175703
0.175768
0.176005
0.176283
0.176465
0.176842
0.176923
0.176953
0.177053
0.177118
0.177195
0.177335
0.177387
0.177955
0.178697
0.178979
0.179305
0.179402
0.179703
0.179757
0.180092
0.18023
0.180384
0.180551
0.180946
0.181126
0.181389
0.181464
0.182152
0.182273
0.182469
0.182803
0.183096
0.183447
0.183693
0.183712
0.183968
0.184303
0.184518
0.184542
0.18463
0.184715
0.184851
0.185441
0.185464
0.185639
0.185657
0.185839
0.18585
0.186112
0.18617
0.186209
0.18658
0.186636
0.186893
0.187096
0.187175
0.187251
0.187307
0.18745
0.18752
0.187638
0.187839
0.188605
0.188691
0.188889
0.189029
0.18911
0.18959
0.190262
0.190544
0.190582
0.190912
0.191659
0.192105
0.192177
0.192493
0.192648
0.192874
0.193345
0.193373
0.193977
0.195193
0.19541
0.195579
0.195911
0.196038
0.197225
0.197368
0.197847
0.198038
0.198067
0.198144
0.198232
0.198292
0.198402
0.198458
0.198488
0.198595
0.198838
0.199118
0.19915
0.199282
0.199311
0.199353
0.199689
0.199735
0.200263
0.200317
0.20034
0.200542
0.200692
0.201911
0.202533
0.202979
0.203126
0.20329
0.203459
0.203685
0.204296
0.20453
0.204658
0.204738
0.204845
0.205406
0.205522
0.205615
0.205781
0.205909
0.206071
0.206241
0.206951
0.206984
0.207315
0.207392
0.207469
0.207729
0.207779
0.207792
0.208073
0.208372
0.208481
0.208692
0.209556
0.209665
0.209762
0.209816
0.210156
0.210183
0.210245
0.210549
0.210577
0.210653
0.210791
0.211248
0.211311
0.211972
0.212052
0.212719
0.213638
0.213718
0.214131
0.21416
0.214162
0.214375
0.214473
0.214594
0.214724
0.215056
0.215222
0.215253
0.21536
0.215703
0.215744
0.216155
0.216348
0.216416
0.21655
0.216858
0.217067
0.217643
0.217643
0.217768
0.217894
0.218124
0.218395
0.218789
0.218905
0.219012
0.219152
0.219174
0.219584
0.219766
0.219858
0.220007
0.220035
0.220243
0.220363
0.221003
0.221054
0.221277
0.221602
0.222016
0.222038
0.222126
0.22236
0.22308
0.223137
0.223428
0.223474
0.223559
0.22368
0.22416
0.225177
0.225183
0.225241
0.225874
0.225915
0.226484
0.226713
0.226855
0.226951
0.226984
0.227008
0.227425
0.227639
0.227844
0.227974
0.228037
0.228959
0.229258
0.22928
0.22934
0.229352
0.229988
0.230449
0.230469
0.230678
0.23097
0.231061
0.231217
0.231399
0.231869
0.232546
0.233337
0.233578
0.233578
0.233713
0.23379
0.23412
0.234636
0.23467
0.234769
0.234958
0.235429
0.235694
0.235761
0.23656
0.236992
0.237164
0.237269
0.238219
0.239427
0.239911
0.240399
0.24085
0.240864
0.241034
0.241311
0.241359
0.241531
0.241696
0.241776
0.241879
0.241986
0.242256
0.24233
0.242627
0.242655
0.24268
0.243207
0.243399
0.243477
0.243679
0.244298
0.244611
0.244733
0.245036
0.245181
0.245248
0.245483
0.245554
0.245907
0.246117
0.246305
0.246598
0.246653
0.246885
0.247258
0.247507
0.247573
0.248368
0.249143
0.249635
0.249813
0.250377
0.250443
0.250532
0.250627
0.250985
0.251198
0.251538
0.252049
0.252171
0.252378
0.252414
0.252623
0.253069
0.253422
0.253662
0.253833
0.253932
0.254183
0.255375
0.256207
0.256442
0.256626
0.257119
0.2586
0.258625
0.258934
0.259158
0.25917
0.259713
0.260081
0.260346
0.260443
0.261001
0.261398
0.261609
0.261629
0.26183
0.262023
0.262431
0.26246
0.262694
0.262723
0.263858
0.264671
0.264752
0.265245
0.265782
0.266219
0.2663
0.267524
0.267546
0.268036
0.268753
0.269045
0.269344
0.269449
0.269749
0.270099
0.270493
0.270512
0.271063
0.271177
0.271237
0.27126
0.271337
0.271477
0.271514
0.271965
0.272084
0.272195
0.272479
0.272617
0.272826
0.273538
0.273927
0.274184
0.274224
0.274285
0.274369
0.274437
0.275015
0.275018
0.275163
0.275428
0.275626
0.27583
0.276369
0.276983
0.277579
0.278252
0.278446
0.278741
0.278998
0.279204
0.279328
0.28004
0.280536
0.280641
0.280752
0.281677
0.28171
0.281844
0.282
0.282202
0.283012
0.283535
0.284348
0.284591
0.284824
0.285044
0.285946
0.286001
0.286198
0.286263
0.286782
0.287079
0.287473
0.287947
0.289419
0.289624
0.290474
0.290875
0.291898
0.292133
0.292194
0.292643
0.293157
0.293369
0.293372
0.293547
0.293591
0.293614
0.293669
0.29436
0.294398
0.294506
0.294531
0.294913
0.295465
0.296586
0.297128
0.297134
0.297458
0.297671
0.297752
0.297885
0.298105
0.298549
0.298657
0.298703
0.298874
0.298947
0.299466
0.299807
0.300535
0.300801
0.301137
0.301258
0.30166
0.301909
0.302768
0.302855
0.303139
0.303457
0.303535
0.304054
0.306535
0.307408
0.307862
0.307878
0.308513
0.308798
0.310003
0.310042
0.310104
0.310627
0.310931
0.311459
0.311638
0.311916
0.312367
0.312613
0.313538
0.313618
0.313722
0.31426
0.31493
0.314981
0.315397
0.315724
0.316345
0.317547
0.31802
0.319095
0.319587
0.320069
0.320446
0.321324
0.321729
0.321741
0.323353
0.32385
0.32424
0.324578
0.325282
0.325628
0.326022
0.32619
0.326237
0.326668
0.326742
0.32685
0.327284
0.327647
0.327791
0.327997
0.328064
0.328246
0.329179
0.330488
0.330964
0.331159
0.331403
0.331926
0.333395
0.333779
0.334037
0.334468
0.334521
0.336227
0.337319
0.337524
0.338083
0.338613
0.338946
0.33994
0.340438
0.34187
0.342236
0.342459
0.342522
0.343235
0.343359
0.343434
0.343809
0.344157
0.345076
0.345955
0.346531
0.346721
0.347715
0.349059
0.350458
0.350737
0.351157
0.35273
0.352775
0.353344
0.35624
0.358013
0.358507
0.358765
0.359159
0.359677
0.359722
0.359877
0.36008
0.360353
0.361671
0.361691
0.362241
0.36228
0.362748
0.364416
0.364879
0.365161
0.365224
0.365813
0.367153
0.367537
0.368659
0.369031
0.369945
0.369954
0.370626
0.370768
0.370905
0.372107
0.373091
0.373369
0.373889
0.375672
0.377117
0.377375
0.377501
0.37788
0.378156
0.379083
0.37922
0.379345
0.379533
0.38019
0.380391
0.383565
0.383994
0.384219
0.386411
0.387062
0.387757
0.387804
0.389328
0.389854
0.39001
0.390089
0.390259
0.390453
0.392204
0.392396
0.392551
0.392812
0.395053
0.395942
0.396199
0.396616
0.397145
0.40045
0.402503
0.402534
0.402546
0.404613
0.405771
0.406319
0.406658
0.408678
0.409469
0.409765
0.412433
0.412679
0.413681
0.416144
0.416172
0.417561
0.418876
0.419175
0.421729
0.42194
0.422554
0.423327
0.426089
0.426283
0.427619
0.428056
0.428224
0.428788
0.431101
0.432047
0.432974
0.433592
0.434805
0.435176
0.435731
0.436657
0.439079
0.441143
0.443325
0.443477
0.443679
0.444067
0.445555
0.445562
0.445876
0.447938
0.448625
0.449189
0.449395
0.449967
0.450748
0.451265
0.453326
0.454626
0.454743
0.454865
0.455
0.456283
0.45823
0.45856
0.460788
0.463291
0.463367
0.46435
0.465736
0.466037
0.466241
0.469047
0.47107
0.473286
0.473994
0.475252
0.479287
0.482434
0.482938
0.485722
0.486059
0.487288
0.487404
0.48769
0.488082
0.488613
0.490168
0.490405
0.491126
0.491204
0.491678
0.49219
0.493306
0.493766
0.494108
0.496196
0.498491
0.50007
0.5035
0.503535
0.506954
0.509354
0.509686
0.513288
0.515381
0.516025
0.516071
0.516156
0.517767
0.518213
0.519942
0.520159
0.520955
0.521273
0.52161
0.521655
0.522046
0.522811
0.523098
0.523435
0.523481
0.524144
0.524893
0.526031
0.526059
0.526597
0.528356
0.528397
0.529049
0.529217
0.532817
0.533775
0.536092
0.536171
0.53894
0.539826
0.54152
0.543348
0.544018
0.544504
0.545955
0.54635
0.547149
0.547149
0.548122
0.551328
0.554184
0.558351
0.559008
0.55949
0.561533
0.563158
0.571417
0.572568
0.577175
0.578019
0.578098
0.582765
0.586472
0.587091
0.587263
0.587752
0.587862
0.588121
0.588256
0.589438
0.590383
0.592272
0.59235
0.592625
0.594417
0.597654
0.597703
0.597779
0.599055
0.602425
0.602715
0.603048
0.604516
0.607997
0.608111
0.609112
0.609994
0.610085
0.612215
0.613193
0.613683
0.619854
0.621149
0.621571
0.624276
0.627757
0.634091
0.634763
0.635591
0.636139
0.636995
0.640946
0.64475
0.646725
0.652927
0.65381
0.655269
0.65615
0.656995
0.659276
0.659461
0.665148
0.667999
0.668361
0.668877
0.677101
0.678169
0.679024
0.681309
0.682411
0.683301
0.684736
0.687126
0.68831
0.692756
0.697264
0.69751
0.699445
0.699585
0.701078
0.706205
0.716661
0.71792
0.718168
0.718264
0.720955
0.723088
0.730458
0.730792
0.734487
0.741709
0.743181
0.74342
0.745112
0.75165
0.75281
0.756557
0.759581
0.763143
0.77673
0.780673
0.781604
0.781744
0.781785
0.801443
0.811024
0.813145
0.822385
0.825147
0.831293
0.83399
0.835134
0.839367
0.839419
0.848952
0.849964
0.851202
0.853641
0.863429
0.867779
0.869889
0.888663
0.905277
0.910863
0.917184
0.919767
0.928227
0.929576
0.953486
0.957401
0.976557
0.981035
0.994242
1.002671
1.025627
1.034078
1.041606
1.108727
1.122457
1.231284
1.277716
