-6.782673
-2.240828
-2.144363
-2.038707
-1.993493
-1.72847
-1.523498
-1.253462
-1.207974
-1.068648
-1.062848
-1.045003
-1.043802
-1.036239
-0.990512
-0.97762
-0.95412
-0.94398
-0.918763
-0.908219
-0.870667
-0.852926
-0.84947
-0.847081
-0.841028
-0.837088
-0.829138
-0.804417
-0.789983
-0.787332
-0.766946
-0.76565
-0.741905
-0.737272
-0.728185
-0.720024
-0.719718
-0.715837
-0.707125
-0.698405
-0.697356
-0.68366
-0.680673
-0.673787
-0.668229
-0.668157
-0.662633
-0.659189
-0.658769
-0.655422
-0.655038
-0.644379
-0.642154
-0.639759
-0.639523
-0.63465
-0.631332
-0.626855
-0.624957
-0.610916
-0.609197
-0.601681
-0.59754
-0.591886
-0.5904
-0.583335
-0.571373
-0.57135
-0.570959
-0.570601
-0.563766
-0.561151
-0.558775
-0.558218
-0.557837
-0.554347
-0.551212
-0.548139
-0.548102
-0.547697
-0.543047
-0.540359
-0.537194
-0.532503
-0.530693
-0.529343
-0.523002
-0.522161
-0.520107
-0.512755
-0.489977
-0.489129
-0.488816
-0.488301
-0.487333
-0.486173
-0.484071
-0.4839
-0.482796
-0.476597
-0.474493
-0.470495
-0.466771
-0.466703
-0.466087
-0.463835
-0.460785
-0.455712
-0.4552
-0.451972
-0.44486
-0.443465
-0.443155
-0.437093
-0.435772
-0.435069
-0.430522
-0.429127
-0.428984
-0.426004
-0.425594
-0.424939
-0.424056
-0.423616
-0.423566
-0.423046
-0.423034
-0.422911
-0.418142
-0.411059
-0.410123
-0.409379
-0.408946
-0.407043
-0.40633
-0.403918
-0.403569
-0.402403
-0.401957
-0.401073
-0.398583
-0.395115
-0.395106
-0.392551
-0.392205
-0.391464
-0.391196
-0.391015
-0.389308
-0.389089
-0.386494
-0.38488
-0.383986
-0.377215
-0.376314
-0.375951
-0.374494
-0.374414
-0.373996
-0.371274
-0.371249
-0.370599
-0.37042
-0.370236
-0.369588
-0.368303
-0.367435
-0.367347
-0.365674
-0.364521
-0.364275
-0.363465
-0.361945
-0.36189
-0.358865
-0.35884
-0.358515
-0.355663
-0.354415
-0.353309
-0.352024
-0.349047
-0.348816
-0.345979
-0.34442
-0.341641
-0.341606
-0.340217
-0.339864
-0.339392
-0.337944
-0.337019
-0.335178
-0.332526
-0.332424
-0.330662
-0.330308
-0.330292
-0.327171
-0.326901
-0.326783
-0.324131
-0.322615
-0.322209
-0.322185
-0.321012
-0.319143
-0.318994
-0.318235
-0.317947
-0.316899
-0.314221
-0.31305
-0.310247
-0.308524
-0.307093
-0.30649
-0.305954
-0.305831
-0.304695
-0.303794
-0.303717
-0.302736
-0.302154
-0.301257
-0.300859
-0.300733
-0.300694
-0.300545
-0.299435
-0.298814
-0.297716
-0.297268
-0.297052
-0.296617
-0.292016
-0.29101
-0.289089
-0.288731
-0.28835
-0.287572
-0.28754
-0.287367
-0.287359
-0.287318
-0.286318
-0.286241
-0.286013
-0.285976
-0.285274
-0.284283
-0.283828
-0.283357
-0.283206
-0.283183
-0.282465
-0.282342
-0.282187
-0.281764
-0.277681
-0.277247
-0.277
-0.276957
-0.275875
-0.27584
-0.275616
-0.275066
-0.274786
-0.273941
-0.273314
-0.272744
-0.272095
-0.271368
-0.271263
-0.270754
-0.270488
-0.270019
-0.269991
-0.268738
-0.268095
-0.266887
-0.266874
-0.266406
-0.265188
-0.264989
-0.26447
-0.264059
-0.263972
-0.26387
-0.263655
-0.263511
-0.263446
-0.261708
-0.260832
-0.26029
-0.259394
-0.257966
-0.257885
-0.257579
-0.257537
-0.256183
-0.255586
-0.254
-0.253407
-0.25311
-0.251569
-0.251449
-0.250901
-0.250788
-0.250311
-0.250162
-0.249812
-0.24931
-0.249144
-0.248854
-0.24879
-0.248196
-0.247395
-0.247304
-0.247241
-0.246716
-0.246277
-0.24624
-0.246002
-0.245893
-0.245796
-0.245349
-0.245161
-0.244744
-0.244623
-0.244558
-0.243805
-0.242961
-0.242948
-0.242323
-0.241305
-0.241242
-0.240947
-0.240662
-0.240623
-0.240409
-0.240334
-0.239944
-0.239869
-0.239207
-0.239039
-0.239008
-0.238914
-0.238876
-0.238872
-0.237431
-0.237048
-0.235826
-0.235013
-0.234574
-0.234074
-0.23381
-0.233665
-0.233511
-0.233318
-0.233261
-0.231873
-0.231643
-0.231613
-0.230654
-0.230591
-0.230423
-0.230401
-0.229474
-0.229448
-0.229159
-0.228581
-0.228022
-0.227827
-0.227271
-0.226327
-0.225989
-0.224095
-0.223815
-0.223448
-0.223396
-0.223262
-0.222537
-0.222327
-0.22187
-0.221466
-0.221366
-0.221282
-0.220771
-0.220612
-0.219226
-0.219079
-0.218811
-0.218693
-0.217719
-0.217471
-0.217134
-0.217035
-0.21683
-0.216463
-0.216424
-0.216268
-0.216187
-0.216126
-0.215859
-0.215626
-0.21518
-0.214319
-0.214309
-0.214055
-0.213851
-0.213416
-0.213243
-0.212826
-0.212773
-0.212656
-0.212606
-0.212202
-0.211982
-0.210391
-0.210226
-0.209961
-0.209932
-0.209884
-0.209622
-0.209599
-0.209446
-0.209193
-0.20909
-0.208863
-0.207759
-0.207746
-0.20762
-0.207608
-0.207463
-0.207183
-0.206821
-0.205908
-0.205686
-0.20558
-0.20529
-0.205
-0.204766
-0.20425
-0.204226
-0.203873
-0.203775
-0.203678
-0.203407
-0.203394
-0.203335
-0.203018
-0.20192
-0.20189
-0.201844
-0.201688
-0.201517
-0.201386
-0.20044
-0.199891
-0.199705
-0.198316
-0.197326
-0.197288
-0.197154
-0.196365
-0.196233
-0.196147
-0.195625
-0.195415
-0.195112
-0.194931
-0.194516
-0.194276
-0.194072
-0.193979
-0.193907
-0.193243
-0.192687
-0.192492
-0.192342
-0.191968
-0.19167
-0.19164
-0.190696
-0.190115
-0.189616
-0.1893
-0.188483
-0.188267
-0.188088
-0.187994
-0.187919
-0.18786
-0.187816
-0.18777
-0.18747
-0.187322
-0.187096
-0.187054
-0.186908
-0.185356
-0.185121
-0.184871
-0.184858
-0.184561
-0.184486
-0.184426
-0.18413
-0.183874
-0.183446
-0.183389
-0.18318
-0.182765
-0.182559
-0.182253
-0.181965
-0.181962
-0.181781
-0.181574
-0.181452
-0.181279
-0.181079
-0.180802
-0.18052
-0.180287
-0.180278
-0.179742
-0.1797
-0.179466
-0.179393
-0.179003
-0.178899
-0.178839
-0.178597
-0.178491
-0.178478
-0.178428
-0.178274
-0.17808
-0.178016
-0.177945
-0.177835
-0.177663
-0.177591
-0.17746
-0.177217
-0.177176
-0.177153
-0.177056
-0.176986
-0.176939
-0.176475
-0.176356
-0.176109
-0.17589
-0.175725
-0.175717
-0.175671
-0.175518
-0.175446
-0.175253
-0.175012
-0.174949
-0.174727
-0.174467
-0.173735
-0.173731
-0.173665
-0.17366
-0.17349
-0.173358
-0.173339
-0.173274
-0.173095
-0.172614
-0.172563
-0.172447
-0.172278
-0.172116
-0.171902
-0.171806
-0.171656
-0.171408
-0.171111
-0.17105
-0.170569
-0.170168
-0.170133
-0.169976
-0.169887
-0.169772
-0.169659
-0.169339
-0.169334
-0.169271
-0.169244
-0.168826
-0.168662
-0.168431
-0.168383
-0.168126
-0.167964
-0.167777
-0.167053
-0.16702
-0.166966
-0.166846
-0.166794
-0.16648
-0.165993
-0.165846
-0.165841
-0.165708
-0.165635
-0.16526
-0.165219
-0.165126
-0.16487
-0.164743
-0.164642
-0.164452
-0.164255
-0.16416
-0.164143
-0.164012
-0.163945
-0.163655
-0.163549
-0.163454
-0.163414
-0.163134
-0.162934
-0.162795
-0.162751
-0.162666
-0.162584
-0.162427
-0.162337
-0.162075
-0.162046
-0.161909
-0.161874
-0.161813
-0.161812
-0.161482
-0.16088
-0.160467
-0.160378
-0.160365
-0.160266
-0.160199
-0.159963
-0.159867
-0.159837
-0.1596
-0.159589
-0.159577
-0.159542
-0.159237
-0.159233
-0.15903
-0.15879
-0.158598
-0.158303
-0.158212
-0.158041
-0.157996
-0.157692
-0.157268
-0.157251
-0.15714
-0.157089
-0.157035
-0.156946
-0.156867
-0.156394
-0.156271
-0.156067
-0.155829
-0.155484
-0.155435
-0.155337
-0.155291
-0.155287
-0.155132
-0.155039
-0.154954
-0.154752
-0.154652
-0.154399
-0.154174
-0.154146
-0.154045
-0.15366
-0.153262
-0.153215
-0.153166
-0.152784
-0.152356
-0.152149
-0.152049
-0.151841
-0.151829
-0.15178
-0.151666
-0.15161
-0.151374
-0.150717
-0.150676
-0.150557
-0.149897
-0.149872
-0.149846
-0.149831
-0.149742
-0.149736
-0.149703
-0.149349
-0.149152
-0.149101
-0.148585
-0.148437
-0.148334
-0.148324
-0.148304
-0.147978
-0.147956
-0.147951
-0.147941
-0.147826
-0.147696
-0.147589
-0.147511
-0.14738
-0.147016
-0.146962
-0.146725
-0.146501
-0.146478
-0.146441
-0.146416
-0.146263
-0.146164
-0.146154
-0.146084
-0.145925
-0.145904
-0.145775
-0.145727
-0.145563
-0.145382
-0.145309
-0.145186
-0.145112
-0.144564
-0.144487
-0.144477
-0.144412
-0.144354
-0.144321
-0.144237
-0.143869
-0.143753
-0.143707
-0.143381
-0.143179
-0.143103
-0.142907
-0.142651
-0.142641
-0.142589
-0.142571
-0.142466
-0.142153
-0.141956
-0.141658
-0.141625
-0.141438
-0.141426
-0.141247
-0.141111
-0.141097
-0.140922
-0.140817
-0.14048
-0.140473
-0.14036
-0.140357
-0.140355
-0.14032
-0.140297
-0.139701
-0.139377
-0.139266
-0.138565
-0.138283
-0.138212
-0.138172
-0.137999
-0.137971
-0.137873
-0.137705
-0.137501
-0.137407
-0.137394
-0.137322
-0.137022
-0.13694
-0.136789
-0.136672
-0.136378
-0.136357
-0.136095
-0.136088
-0.136073
-0.13598
-0.13593
-0.135916
-0.135746
-0.135035
-0.134877
-0.134568
-0.134544
-0.134097
-0.133865
-0.133855
-0.133808
-0.133718
-0.133517
-0.133447
-0.13341
-0.133145
-0.133123
-0.132877
-0.132819
-0.132766
-0.132644
-0.13261
-0.132579
-0.132499
-0.13221
-0.132207
-0.132206
-0.132182
-0.13203
-0.131982
-0.131911
-0.131788
-0.131465
-0.131438
-0.13133
-0.131135
-0.131093
-0.131055
-0.130859
-0.130498
-0.130392
-0.130291
-0.130271
-0.130257
-0.130247
-0.130013
-0.130007
-0.129946
-0.129892
-0.129529
-0.129491
-0.129339
-0.128972
-0.128858
-0.128617
-0.12812
-0.127963
-0.127959
-0.127852
-0.127819
-0.127708
-0.127635
-0.127453
-0.127368
-0.127221
-0.127215
-0.127116
-0.127095
-0.126951
-0.126926
-0.126656
-0.126563
-0.126521
-0.126501
-0.126476
-0.126458
-0.126335
-0.126217
-0.126086
-0.125947
-0.125577
-0.125372
-0.125336
-0.125007
-0.124949
-0.124643
-0.124625
-0.124614
-0.124604
-0.124523
-0.124342
-0.1242
-0.124001
-0.123569
-0.123342
-0.123192
-0.123074
-0.123028
-0.122892
-0.122777
-0.122591
-0.122478
-0.122208
-0.122177
-0.122073
-0.122028
-0.122007
-0.121992
-0.121893
-0.121821
-0.121431
-0.121217
-0.12119
-0.121149
-0.121053
-0.120842
-0.12071
-0.120686
-0.120578
-0.120457
-0.120408
-0.120401
-0.120341
-0.120329
-0.120267
-0.120219
-0.119904
-0.119806
-0.119556
-0.119385
-0.119359
-0.119131
-0.118939
-0.118905
-0.11883
-0.118737
-0.118554
-0.118517
-0.118465
-0.118199
-0.118011
-0.117761
-0.117744
-0.117714
-0.117713
-0.117713
-0.117705
-0.117697
-0.117655
-0.117502
-0.117468
-0.117317
-0.117158
-0.117067
-0.117053
-0.116869
-0.116857
-0.116743
-0.116628
-0.116555
-0.116513
-0.116513
-0.116487
-0.116368
-0.11636
-0.116312
-0.116211
-0.116188
-0.11589
-0.115806
-0.115725
-0.115623
-0.115611
-0.115352
-0.115278
-0.115253
-0.115174
-0.115145
-0.115096
-0.114986
-0.114782
-0.114663
-0.114479
-0.114478
-0.114396
-0.114192
-0.114159
-0.114086
-0.114023
-0.113937
-0.113911
-0.113766
-0.113625
-0.113441
-0.113288
-0.113281
-0.113279
-0.113237
-0.113222
-0.113094
-0.112679
-0.11266
-0.112591
-0.112563
-0.112463
-0.112455
-0.112395
-0.112367
-0.112284
-0.112262
-0.11193
-0.111807
-0.11179
-0.111689
-0.111392
-0.111264
-0.11122
-0.111157
-0.111035
-0.110982
-0.110932
-0.110887
-0.110838
-0.110686
-0.110665
-0.110641
-0.110638
-0.110543
-0.110124
-0.109895
-0.109806
-0.109789
-0.109726
-0.109596
-0.109492
-0.109458
-0.109382
-0.109269
-0.109075
-0.108695
-0.108647
-0.108457
-0.108348
-0.108346
-0.108169
-0.108128
-0.108014
-0.107967
-0.10791
-0.107793
-0.107553
-0.107476
-0.107411
-0.107359
-0.107319
-0.106781
-0.106515
-0.106499
-0.106447
-0.106438
-0.106297
-0.106222
-0.106216
-0.106095
-0.106062
-0.106016
-0.105971
-0.105866
-0.105554
-0.105475
-0.105422
-0.105394
-0.105155
-0.105088
-0.105019
-0.104963
-0.104695
-0.104688
-0.104662
-0.10462
-0.104517
-0.104337
-0.104116
-0.104019
-0.104018
-0.103879
-0.103814
-0.103777
-0.103669
-0.103588
-0.103556
-0.103271
-0.103228
-0.103141
-0.103103
-0.103004
-0.102777
-0.102586
-0.102316
-0.102273
-0.10209
-0.102019
-0.102018
-0.102017
-0.101978
-0.101875
-0.101856
-0.101845
-0.101827
-0.101335
-0.101065
-0.101024
-0.101011
-0.100978
-0.100929
-0.100926
-0.100907
-0.100744
-0.100692
-0.10053
-0.100504
-0.100402
-0.100366
-0.100349
-0.100343
-0.100076
-0.10006
-0.099816
-0.099782
-0.09978
-0.099705
-0.099666
-0.099645
-0.099618
-0.099446
-0.099311
-0.099265
-0.099218
-0.099148
-0.098923
-0.098572
-0.098388
-0.098168
-0.098042
-0.097987
-0.097981
-0.097979
-0.097964
-0.097953
-0.097935
-0.097862
-0.097697
-0.097653
-0.097651
-0.097618
-0.097476
-0.097468
-0.097421
-0.097391
-0.097237
-0.097073
-0.096962
-0.096939
-0.096742
-0.096679
-0.096416
-0.096274
-0.095787
-0.095705
-0.095658
-0.095599
-0.095459
-0.095433
-0.095167
-0.095101
-0.094923
-0.094819
-0.094771
-0.094681
-0.094595
-0.094475
-0.094465
-0.094434
-0.094065
-0.094004
-0.093987
-0.093953
-0.093884
-0.093865
-0.093856
-0.093822
-0.093748
-0.093632
-0.093601
-0.093593
-0.09357
-0.093558
-0.093425
-0.093274
-0.09315
-0.093107
-0.092984
-0.09276
-0.092747
-0.092737
-0.092737
-0.092264
-0.092251
-0.092228
-0.09214
-0.091949
-0.091908
-0.091724
-0.091469
-0.091245
-0.091242
-0.09124
-0.09096
-0.090921
-0.090883
-0.090864
-0.090777
-0.09076
-0.090731
-0.090719
-0.090546
-0.090512
-0.090496
-0.090486
-0.090442
-0.090362
-0.090303
-0.090223
-0.090135
-0.090076
-0.09001
-0.089964
-0.089689
-0.089662
-0.089643
-0.089591
-0.089506
-0.089451
-0.08944
-0.089422
-0.089079
-0.088985
-0.088926
-0.088785
-0.088509
-0.088455
-0.088398
-0.088359
-0.088148
-0.087998
-0.08795
-0.087916
-0.087891
-0.087875
-0.087817
-0.087721
-0.087677
-0.087601
-0.087573
-0.087491
-0.08747
-0.087344
-0.087297
-0.087285
-0.087258
-0.087085
-0.087069
-0.087062
-0.087047
-0.087009
-0.086899
-0.086835
-0.086798
-0.086586
-0.08657
-0.086552
-0.08636
-0.086351
-0.086267
-0.086218
-0.086139
-0.086136
-0.086108
-0.086035
-0.085988
-0.085937
-0.085807
-0.085779
-0.085741
-0.085712
-0.085592
-0.085515
-0.085454
-0.085396
-0.08538
-0.085379
-0.085334
-0.085324
-0.08522
-0.085218
-0.085142
-0.085046
-0.085014
-0.084965
-0.084803
-0.084784
-0.084751
-0.084737
-0.084718
-0.084602
-0.084406
-0.084333
-0.084291
-0.084276
-0.084263
-0.084166
-0.084107
-0.084093
-0.084051
-0.084
-0.083913
-0.083894
-0.083794
-0.083764
-0.083687
-0.08366
-0.083638
-0.083612
-0.0836
-0.083087
-0.083064
-0.082916
-0.082791
-0.082495
-0.082361
-0.082341
-0.082304
-0.082181
-0.082157
-0.082152
-0.082065
-0.082061
-0.081929
-0.081811
-0.081363
-0.081354
-0.081221
-0.080952
-0.080923
-0.080921
-0.080474
-0.080331
-0.080295
-0.080283
-0.080164
-0.080106
-0.080062
-0.079973
-0.079966
-0.079952
-0.079907
-0.07982
-0.079812
-0.07964
-0.079625
-0.079609
-0.079561
-0.079554
-0.079489
-0.079465
-0.079457
-0.079362
-0.079358
-0.079296
-0.079292
-0.079172
-0.079053
-0.079039
-0.078997
-0.078962
-0.078959
-0.078954
-0.07893
-0.078865
-0.078799
-0.078591
-0.078556
-0.078538
-0.078514
-0.078475
-0.078322
-0.078272
-0.0779
-0.077887
-0.077846
-0.077738
-0.077721
-0.077717
-0.077711
-0.077701
-0.077689
-0.077683
-0.077646
-0.07756
-0.077531
-0.077526
-0.077493
-0.077455
-0.077253
-0.077229
-0.077202
-0.07714
-0.076979
-0.076948
-0.076915
-0.07687
-0.076738
-0.076691
-0.076544
-0.076522
-0.076475
-0.076445
-0.076233
-0.076183
-0.076
-0.075977
-0.075895
-0.075854
-0.075725
-0.075678
-0.075637
-0.07536
-0.075323
-0.07531
-0.075234
-0.075216
-0.075175
-0.075149
-0.07514
-0.075121
-0.075033
-0.074773
-0.074625
-0.074566
-0.074466
-0.074437
-0.074431
-0.074403
-0.074384
-0.074278
-0.074242
-0.074139
-0.074019
-0.074016
-0.074007
-0.073883
-0.07387
-0.073831
-0.07382
-0.073642
-0.073625
-0.073618
-0.073599
-0.073572
-0.073509
-0.07347
-0.073382
-0.073362
-0.073151
-0.073132
-0.073039
-0.072669
-0.072617
-0.072558
-0.072531
-0.072531
-0.072485
-0.072383
-0.072343
-0.072342
-0.072191
-0.072188
-0.072182
-0.071954
-0.071929
-0.071809
-0.071731
-0.071547
-0.07146
-0.07125
-0.071214
-0.071158
-0.071078
-0.070999
-0.070799
-0.07077
-0.070764
-0.07075
-0.070569
-0.070531
-0.070468
-0.070456
-0.070449
-0.070442
-0.070437
-0.070428
-0.070265
-0.070157
-0.07014
-0.070085
-0.07003
-0.069976
-0.069897
-0.069882
-0.06983
-0.069801
-0.069768
-0.069754
-0.069681
-0.06967
-0.069629
-0.069511
-0.069475
-0.069358
-0.069341
-0.069232
-0.069146
-0.069139
-0.069045
-0.069029
-0.069004
-0.068924
-0.068887
-0.068887
-0.068884
-0.068879
-0.06885
-0.068818
-0.068785
-0.068782
-0.068711
-0.068679
-0.068439
-0.068391
-0.068359
-0.068233
-0.068231
-0.068186
-0.06816
-0.068144
-0.06797
-0.067962
-0.067923
-0.067836
-0.067812
-0.067799
-0.067747
-0.067717
-0.067534
-0.067457
-0.067367
-0.067253
-0.067244
-0.06722
-0.067147
-0.067088
-0.06704
-0.067018
-0.066952
-0.066888
-0.066861
-0.066795
-0.066681
-0.066548
-0.066527
-0.066523
-0.066498
-0.066486
-0.066426
-0.06642
-0.066415
-0.066412
-0.066366
-0.06626
-0.066243
-0.066184
-0.066128
-0.066093
-0.065976
-0.065791
-0.065791
-0.065711
-0.065665
-0.065657
-0.065595
-0.065581
-0.065576
-0.065526
-0.065402
-0.065395
-0.065296
-0.065252
-0.065158
-0.06514
-0.065084
-0.065052
-0.065023
-0.065015
-0.064943
-0.064903
-0.064863
-0.064802
-0.064782
-0.064766
-0.064741
-0.064626
-0.064613
-0.064351
-0.064261
-0.064252
-0.064204
-0.064171
-0.064129
-0.064048
-0.064008
-0.063958
-0.063783
-0.063759
-0.063728
-0.063699
-0.063696
-0.063683
-0.063565
-0.063387
-0.063307
-0.063253
-0.063245
-0.063234
-0.0632
-0.0632
-0.063179
-0.06317
-0.06301
-0.062956
-0.062956
-0.062945
-0.062915
-0.062848
-0.06283
-0.062803
-0.062757
-0.062577
-0.062548
-0.062546
-0.062534
-0.062508
-0.062299
-0.06229
-0.062071
-0.062055
-0.061977
-0.061942
-0.061934
-0.06192
-0.061914
-0.061912
-0.061904
-0.061842
-0.061798
-0.061707
-0.061658
-0.061559
-0.061402
-0.061339
-0.061263
-0.061261
-0.061185
-0.061178
-0.060974
-0.060907
-0.060849
-0.060823
-0.06082
-0.060819
-0.060742
-0.060716
-0.060713
-0.060596
-0.060584
-0.060548
-0.060476
-0.060405
-0.060401
-0.060139
-0.06013
-0.060092
-0.059975
-0.059895
-0.059894
-0.059855
-0.059838
-0.05972
-0.059713
-0.059633
-0.059497
-0.059384
-0.059343
-0.05929
-0.059249
-0.059005
-0.058991
-0.058932
-0.0589
-0.058847
-0.058807
-0.058675
-0.058569
-0.058534
-0.058438
-0.058404
-0.058365
-0.058201
-0.058113
-0.057904
-0.057791
-0.057698
-0.057694
-0.057685
-0.057573
-0.057477
-0.057474
-0.057447
-0.057382
-0.057351
-0.05712
-0.057
-0.056991
-0.0569
-0.056838
-0.056774
-0.056731
-0.056633
-0.056431
-0.056405
-0.056208
-0.056179
-0.056106
-0.056098
-0.056098
-0.056079
-0.056077
-0.056064
-0.056034
-0.055988
-0.055988
-0.055874
-0.055839
-0.055824
-0.055798
-0.055586
-0.055551
-0.055397
-0.055392
-0.05539
-0.055383
-0.055326
-0.055308
-0.055239
-0.0552
-0.055156
-0.055144
-0.055105
-0.05507
-0.054951
-0.054903
-0.054895
-0.054867
-0.054865
-0.054645
-0.054634
-0.054612
-0.054543
-0.05443
-0.05439
-0.054322
-0.054291
-0.054257
-0.054175
-0.05409
-0.054074
-0.054002
-0.053956
-0.053884
-0.053815
-0.053749
-0.053718
-0.053683
-0.053676
-0.053667
-0.053595
-0.053565
-0.053552
-0.053523
-0.053426
-0.053363
-0.053356
-0.053347
-0.053269
-0.053146
-0.053107
-0.053097
-0.052761
-0.052727
-0.052554
-0.052515
-0.052491
-0.052466
-0.052419
-0.052411
-0.052301
-0.052238
-0.052225
-0.052205
-0.052026
-0.051898
-0.051791
-0.051773
-0.051772
-0.051747
-0.051647
-0.051604
-0.051461
-0.051441
-0.051197
-0.051174
-0.051165
-0.051142
-0.050995
-0.050965
-0.050965
-0.050949
-0.0509
-0.05088
-0.05083
-0.050798
-0.05077
-0.050711
-0.050703
-0.050632
-0.050549
-0.050534
-0.050472
-0.050465
-0.05041
-0.050385
-0.050381
-0.050315
-0.050193
-0.050123
-0.050051
-0.05002
-0.050007
-0.049997
-0.049989
-0.049974
-0.04987
-0.049736
-0.049652
-0.049652
-0.049539
-0.049538
-0.049452
-0.049433
-0.049389
-0.049257
-0.049204
-0.049198
-0.049114
-0.049067
-0.049049
-0.048993
-0.048981
-0.048948
-0.048947
-0.048933
-0.048916
-0.04885
-0.048843
-0.048842
-0.048635
-0.048631
-0.048596
-0.048545
-0.048365
-0.048336
-0.048335
-0.048255
-0.048225
-0.048081
-0.048039
-0.047972
-0.047907
-0.047889
-0.04782
-0.047818
-0.047722
-0.04771
-0.047699
-0.047556
-0.047556
-0.047414
-0.047361
-0.047335
-0.047289
-0.047274
-0.047246
-0.047241
-0.047168
-0.047067
-0.047055
-0.047041
-0.047004
-0.046968
-0.046931
-0.046901
-0.046804
-0.046773
-0.046719
-0.046693
-0.046651
-0.046614
-0.046567
-0.046552
-0.046528
-0.046493
-0.046453
-0.046431
-0.046385
-0.046318
-0.046259
-0.04624
-0.046202
-0.046186
-0.046173
-0.04609
-0.046002
-0.045902
-0.045898
-0.045834
-0.045798
-0.045761
-0.045756
-0.045741
-0.04563
-0.045593
-0.045482
-0.045394
-0.045372
-0.04536
-0.045249
-0.045248
-0.045183
-0.045147
-0.045137
-0.044972
-0.044921
-0.044793
-0.044737
-0.044728
-0.044619
-0.044541
-0.044414
-0.044383
-0.04438
-0.044287
-0.044287
-0.044255
-0.044233
-0.044227
-0.044108
-0.044092
-0.044035
-0.044012
-0.044011
-0.04399
-0.043948
-0.043859
-0.043844
-0.043831
-0.043821
-0.043792
-0.043757
-0.043669
-0.04358
-0.043545
-0.043512
-0.043504
-0.043437
-0.043408
-0.043344
-0.043295
-0.043152
-0.043149
-0.043126
-0.043068
-0.043017
-0.04301
-0.043007
-0.042946
-0.042945
-0.042835
-0.042743
-0.042716
-0.042612
-0.04251
-0.042498
-0.042496
-0.042479
-0.042448
-0.042191
-0.04217
-0.042087
-0.042082
-0.042056
-0.042041
-0.042024
-0.041871
-0.041805
-0.041767
-0.041701
-0.041697
-0.041612
-0.041565
-0.041518
-0.041464
-0.041438
-0.041395
-0.041075
-0.041057
-0.040955
-0.04095
-0.040843
-0.040797
-0.040792
-0.040732
-0.040682
-0.040673
-0.040618
-0.040576
-0.040561
-0.040514
-0.040503
-0.040468
-0.040424
-0.040374
-0.040371
-0.040278
-0.040266
-0.040204
-0.040007
-0.039937
-0.039902
-0.039883
-0.039836
-0.039834
-0.039775
-0.039753
-0.039744
-0.039743
-0.039696
-0.039564
-0.039551
-0.039534
-0.039458
-0.039454
-0.039443
-0.03944
-0.039436
-0.039418
-0.039392
-0.039364
-0.039342
-0.039327
-0.039323
-0.039268
-0.039192
-0.039071
-0.039011
-0.038953
-0.038936
-0.038904
-0.038884
-0.038839
-0.038828
-0.038748
-0.038745
-0.038714
-0.038692
-0.038673
-0.038647
-0.038646
-0.038576
-0.03852
-0.038455
-0.038356
-0.038355
-0.038317
-0.038288
-0.038185
-0.038166
-0.038128
-0.038097
-0.038049
-0.038044
-0.038
-0.037908
-0.037898
-0.037838
-0.037814
-0.037747
-0.037716
-0.037694
-0.037691
-0.037687
-0.037679
-0.037645
-0.03759
-0.037522
-0.037521
-0.037463
-0.037408
-0.037295
-0.037168
-0.037108
-0.037094
-0.03699
-0.036912
-0.036878
-0.036781
-0.036742
-0.036683
-0.036665
-0.036643
-0.036634
-0.036614
-0.036603
-0.036513
-0.036487
-0.036345
-0.036343
-0.036336
-0.036258
-0.036203
-0.036164
-0.036122
-0.036113
-0.036075
-0.035997
-0.035989
-0.035964
-0.035946
-0.035941
-0.035886
-0.035794
-0.035682
-0.035669
-0.035664
-0.035585
-0.035504
-0.035473
-0.035434
-0.035398
-0.035391
-0.035334
-0.035263
-0.03525
-0.035217
-0.035208
-0.035181
-0.035149
-0.03514
-0.035137
-0.035079
-0.03503
-0.034973
-0.034911
-0.034909
-0.034903
-0.034838
-0.034826
-0.03482
-0.03481
-0.034774
-0.034765
-0.034757
-0.034724
-0.034613
-0.034602
-0.034585
-0.034549
-0.034488
-0.034455
-0.034312
-0.034256
-0.034249
-0.034248
-0.034164
-0.034075
-0.034055
-0.03404
-0.034038
-0.033962
-0.033939
-0.033911
-0.033905
-0.033892
-0.033793
-0.033702
-0.033687
-0.03366
-0.033646
-0.033601
-0.03357
-0.033562
-0.033532
-0.033422
-0.033391
-0.033322
-0.033226
-0.033223
-0.033207
-0.033192
-0.033158
-0.033101
-0.033087
-0.033054
-0.032988
-0.032972
-0.032951
-0.032931
-0.032835
-0.032805
-0.032805
-0.032804
-0.032711
-0.032661
-0.032622
-0.03259
-0.032568
-0.03255
-0.032489
-0.032372
-0.032236
-0.032218
-0.03213
-0.032129
-0.032124
-0.032103
-0.031983
-0.031971
-0.031969
-0.031926
-0.031926
-0.031825
-0.031824
-0.031802
-0.031783
-0.031772
-0.031717
-0.031702
-0.031648
-0.031596
-0.031547
-0.031522
-0.031509
-0.031482
-0.03145
-0.031447
-0.031438
-0.031438
-0.03142
-0.031382
-0.031361
-0.031288
-0.031232
-0.031201
-0.03117
-0.03114
-0.031063
-0.031059
-0.031058
-0.031048
-0.031018
-0.031006
-0.030983
-0.030913
-0.030874
-0.030848
-0.030819
-0.030712
-0.030704
-0.030647
-0.030633
-0.030615
-0.03058
-0.030573
-0.030532
-0.030529
-0.030527
-0.030496
-0.030466
-0.030439
-0.030394
-0.030391
-0.030303
-0.030299
-0.030279
-0.030279
-0.030273
-0.030211
-0.030202
-0.030152
-0.030151
-0.030082
-0.029999
-0.029972
-0.029934
-0.029899
-0.029882
-0.029861
-0.029859
-0.029795
-0.029751
-0.029726
-0.029704
-0.029663
-0.029598
-0.029588
-0.029578
-0.02952
-0.029472
-0.029464
-0.029418
-0.029394
-0.029384
-0.029329
-0.029315
-0.029244
-0.029233
-0.029221
-0.029205
-0.029083
-0.029038
-0.029027
-0.029004
-0.028978
-0.028919
-0.028911
-0.028888
-0.028831
-0.028801
-0.028783
-0.028771
-0.028678
-0.02867
-0.02864
-0.028638
-0.028635
-0.028584
-0.028526
-0.028517
-0.02848
-0.028385
-0.028353
-0.028344
-0.028342
-0.02831
-0.028309
-0.028246
-0.028238
-0.028226
-0.028214
-0.028196
-0.028055
-0.027998
-0.027962
-0.027835
-0.027794
-0.027718
-0.027665
-0.027618
-0.027593
-0.027589
-0.027579
-0.027561
-0.027558
-0.027513
-0.027479
-0.027459
-0.02744
-0.027434
-0.027376
-0.027354
-0.027333
-0.027296
-0.027279
-0.02727
-0.02722
-0.027125
-0.027111
-0.02711
-0.027066
-0.027057
-0.027029
-0.027017
-0.026901
-0.026846
-0.026829
-0.026747
-0.026707
-0.026643
-0.026572
-0.026465
-0.026419
-0.02639
-0.026256
-0.02614
-0.026132
-0.026101
-0.026084
-0.026079
-0.026046
-0.025995
-0.025933
-0.025881
-0.02581
-0.025747
-0.025732
-0.025575
-0.025525
-0.025391
-0.025377
-0.025351
-0.025302
-0.025287
-0.025281
-0.025254
-0.025227
-0.0252
-0.025193
-0.025151
-0.025147
-0.025109
-0.025055
-0.025052
-0.025046
-0.025032
-0.024972
-0.024875
-0.02484
-0.024776
-0.024672
-0.024622
-0.024569
-0.024253
-0.024231
-0.024196
-0.024097
-0.024088
-0.024071
-0.024036
-0.023985
-0.023946
-0.023888
-0.023836
-0.023765
-0.023734
-0.023625
-0.023517
-0.02348
-0.023439
-0.023367
-0.023358
-0.023332
-0.023331
-0.023322
-0.023257
-0.023252
-0.023233
-0.02322
-0.023166
-0.02315
-0.023138
-0.023133
-0.023101
-0.023068
-0.023062
-0.023012
-0.022914
-0.022735
-0.022637
-0.022637
-0.022607
-0.022603
-0.022597
-0.022535
-0.022532
-0.02252
-0.022478
-0.022449
-0.022444
-0.022425
-0.02241
-0.022399
-0.022274
-0.022269
-0.022267
-0.02226
-0.022228
-0.022205
-0.022172
-0.02215
-0.022108
-0.022008
-0.021989
-0.021951
-0.021895
-0.021889
-0.021847
-0.021787
-0.021777
-0.021776
-0.021757
-0.021718
-0.021701
-0.021691
-0.021654
-0.02164
-0.021563
-0.021546
-0.021505
-0.02149
-0.02142
-0.021414
-0.021369
-0.021324
-0.021279
-0.021264
-0.021241
-0.021197
-0.021157
-0.021054
-0.021017
-0.020988
-0.02097
-0.020965
-0.020962
-0.020951
-0.02091
-0.020909
-0.020887
-0.020739
-0.020629
-0.020543
-0.02054
-0.020538
-0.020534
-0.020516
-0.020482
-0.020406
-0.020374
-0.020352
-0.02033
-0.020312
-0.020263
-0.020257
-0.020237
-0.02022
-0.020216
-0.020187
-0.020152
-0.020072
-0.020051
-0.019969
-0.019905
-0.01988
-0.019864
-0.019844
-0.019821
-0.019781
-0.019728
-0.019725
-0.019688
-0.019661
-0.01965
-0.019621
-0.01962
-0.019601
-0.019526
-0.019524
-0.019519
-0.019507
-0.019481
-0.019454
-0.019438
-0.019305
-0.0193
-0.019262
-0.019225
-0.019131
-0.019098
-0.019067
-0.019061
-0.018937
-0.018857
-0.018798
-0.018781
-0.018754
-0.018732
-0.018719
-0.018711
-0.018702
-0.018687
-0.018592
-0.018545
-0.018483
-0.01846
-0.018454
-0.018433
-0.01843
-0.018417
-0.018383
-0.018355
-0.018325
-0.018321
-0.018287
-0.018238
-0.018232
-0.018214
-0.018207
-0.018203
-0.018198
-0.018154
-0.018129
-0.018081
-0.018062
-0.017984
-0.017978
-0.017922
-0.017897
-0.017876
-0.017833
-0.017827
-0.017816
-0.017805
-0.017783
-0.017722
-0.017703
-0.017692
-0.017657
-0.017602
-0.017558
-0.017553
-0.017538
-0.017502
-0.017483
-0.017479
-0.01744
-0.017373
-0.017345
-0.017281
-0.017265
-0.017226
-0.017223
-0.017132
-0.017115
-0.017061
-0.01701
-0.017004
-0.016979
-0.016963
-0.016954
-0.016943
-0.016928
-0.016905
-0.016871
-0.016858
-0.016839
-0.016755
-0.016746
-0.016716
-0.016686
-0.016642
-0.016597
-0.016559
-0.01654
-0.016525
-0.01652
-0.016516
-0.016483
-0.016428
-0.016206
-0.016193
-0.016164
-0.016139
-0.016068
-0.015983
-0.015926
-0.015799
-0.015785
-0.01566
-0.015629
-0.015605
-0.015552
-0.015523
-0.015511
-0.015497
-0.015471
-0.015449
-0.015365
-0.015346
-0.015339
-0.015337
-0.015268
-0.015265
-0.015177
-0.015172
-0.015118
-0.015112
-0.015109
-0.015098
-0.015042
-0.015029
-0.014951
-0.014918
-0.014917
-0.014826
-0.014792
-0.014756
-0.014682
-0.014675
-0.014625
-0.014598
-0.014586
-0.014556
-0.014531
-0.014528
-0.014501
-0.014425
-0.014375
-0.014331
-0.014272
-0.01426
-0.014256
-0.014228
-0.014193
-0.014177
-0.014167
-0.014157
-0.014132
-0.014123
-0.014031
-0.01402
-0.013946
-0.013903
-0.013895
-0.01387
-0.013809
-0.013807
-0.013769
-0.013756
-0.013714
-0.013694
-0.013668
-0.013654
-0.013625
-0.013608
-0.013606
-0.013575
-0.013429
-0.013422
-0.01342
-0.01338
-0.013375
-0.0133
-0.013293
-0.013239
-0.013178
-0.013172
-0.013147
-0.013116
-0.013097
-0.013079
-0.013014
-0.013001
-0.012974
-0.012905
-0.012872
-0.012853
-0.012841
-0.012818
-0.012809
-0.012797
-0.012761
-0.012755
-0.012692
-0.01269
-0.012687
-0.012655
-0.012625
-0.012584
-0.012581
-0.012567
-0.012565
-0.012485
-0.012448
-0.012434
-0.012421
-0.01242
-0.012417
-0.012293
-0.012151
-0.012109
-0.012107
-0.012043
-0.012017
-0.012005
-0.011997
-0.011975
-0.011946
-0.011932
-0.011919
-0.011885
-0.011881
-0.011814
-0.011814
-0.011792
-0.011788
-0.011771
-0.011706
-0.011676
-0.011662
-0.011659
-0.011615
-0.011609
-0.011603
-0.011515
-0.011487
-0.011465
-0.011464
-0.011448
-0.011431
-0.011421
-0.011406
-0.011398
-0.011389
-0.011381
-0.011347
-0.011346
-0.011334
-0.011326
-0.011301
-0.011286
-0.011279
-0.011248
-0.011132
-0.011016
-0.010984
-0.010983
-0.01097
-0.010955
-0.010917
-0.01086
-0.010802
-0.010799
-0.010782
-0.010759
-0.010738
-0.010715
-0.010676
-0.010649
-0.01063
-0.010614
-0.010607
-0.010504
-0.010465
-0.010432
-0.010409
-0.01036
-0.010333
-0.010329
-0.010329
-0.010314
-0.010291
-0.01029
-0.010261
-0.010192
-0.010172
-0.010164
-0.010115
-0.01011
-0.010109
-0.010074
-0.010024
-0.010023
-0.009955
-0.009899
-0.009865
-0.009863
-0.009862
-0.009801
-0.009778
-0.009757
-0.009727
-0.009702
-0.009695
-0.009687
-0.009682
-0.009549
-0.00954
-0.009527
-0.009525
-0.009511
-0.009482
-0.009479
-0.009423
-0.009418
-0.009346
-0.009337
-0.009336
-0.009322
-0.009312
-0.009292
-0.00928
-0.009266
-0.00924
-0.009237
-0.009213
-0.009207
-0.009199
-0.009196
-0.009173
-0.00917
-0.009164
-0.009147
-0.009142
-0.009128
-0.009121
-0.009111
-0.009086
-0.00893
-0.008916
-0.008855
-0.00884
-0.008812
-0.008795
-0.008794
-0.008785
-0.008783
-0.008751
-0.008723
-0.008677
-0.008673
-0.008643
-0.008628
-0.0086
-0.008594
-0.00859
-0.008575
-0.008573
-0.008556
-0.008508
-0.008492
-0.008476
-0.008465
-0.008443
-0.008414
-0.008413
-0.008412
-0.008402
-0.008373
-0.008334
-0.008316
-0.008308
-0.008289
-0.008238
-0.008221
-0.008188
-0.008149
-0.008124
-0.008077
-0.007927
-0.007916
-0.007897
-0.00784
-0.007828
-0.007818
-0.00775
-0.007735
-0.007732
-0.007712
-0.007679
-0.007671
-0.007658
-0.007639
-0.007633
-0.007616
-0.007609
-0.007597
-0.00759
-0.007531
-0.00749
-0.007323
-0.007306
-0.007295
-0.00726
-0.007237
-0.007229
-0.007208
-0.007176
-0.007165
-0.007135
-0.00713
-0.007084
-0.00706
-0.006997
-0.006953
-0.006941
-0.006914
-0.006907
-0.006896
-0.006887
-0.006793
-0.00676
-0.00669
-0.006686
-0.006679
-0.006647
-0.00664
-0.006636
-0.006635
-0.00663
-0.006616
-0.006616
-0.006612
-0.006603
-0.006522
-0.00652
-0.00649
-0.006479
-0.006419
-0.006414
-0.006397
-0.006381
-0.00634
-0.006268
-0.006245
-0.006229
-0.006206
-0.006205
-0.006199
-0.006192
-0.006189
-0.006183
-0.006181
-0.006085
-0.005951
-0.00588
-0.005834
-0.005787
-0.005756
-0.005745
-0.005659
-0.005652
-0.005636
-0.005558
-0.005555
-0.005534
-0.005366
-0.005359
-0.005354
-0.005353
-0.005348
-0.005346
-0.005295
-0.005182
-0.005154
-0.005149
-0.005112
-0.00511
-0.005109
-0.005028
-0.004911
-0.004903
-0.004831
-0.004772
-0.004769
-0.004678
-0.004624
-0.004613
-0.004606
-0.004527
-0.004523
-0.004506
-0.00449
-0.004462
-0.004438
-0.004402
-0.004397
-0.004384
-0.00438
-0.004265
-0.004264
-0.004207
-0.004189
-0.004165
-0.004159
-0.004124
-0.004123
-0.004056
-0.004032
-0.004017
-0.004011
-0.003974
-0.003972
-0.003932
-0.003902
-0.003781
-0.003773
-0.003663
-0.003661
-0.003637
-0.003627
-0.003622
-0.003585
-0.003536
-0.003523
-0.00351
-0.003479
-0.003445
-0.003438
-0.003434
-0.003412
-0.003371
-0.003306
-0.003279
-0.003215
-0.003204
-0.003187
-0.003167
-0.003146
-0.003123
-0.003064
-0.003057
-0.003031
-0.002996
-0.002955
-0.002867
-0.002823
-0.002785
-0.002735
-0.002711
-0.002612
-0.002602
-0.0026
-0.002589
-0.002565
-0.002556
-0.002517
-0.002517
-0.002499
-0.002471
-0.002424
-0.00241
-0.002389
-0.002266
-0.002237
-0.002193
-0.002185
-0.002172
-0.002096
-0.002084
-0.002074
-0.002057
-0.002046
-0.002008
-0.001987
-0.001928
-0.001926
-0.001882
-0.00184
-0.001822
-0.001713
-0.001596
-0.001593
-0.001542
-0.001522
-0.001488
-0.001482
-0.001457
-0.001388
-0.001388
-0.001335
-0.001334
-0.001313
-0.001291
-0.001249
-0.001243
-0.001208
-0.001115
-0.00109
-0.001064
-0.001031
-0.001029
-0.001027
-0.001
-0.000943
-0.000932
-0.000908
-0.000895
-0.000835
-0.000833
-0.00079
-0.000775
-0.000772
-0.000747
-0.000716
-0.000712
-0.00071
-0.000709
-0.000693
-0.000663
-0.00065
-0.000632
-0.000557
-0.000534
-0.000505
-0.000489
-0.000485
-0.00048
-0.000479
-0.000476
-0.000474
-0.00034
-0.000255
-0.000235
-0.000209
-0.000174
-0.000172
-0.000161
-0.000159
-0.00012
-8.7e-05
-5.8e-05
-3e-05
-1e-05
3.2e-05
6.2e-05
7.6e-05
0.000113
0.000194
0.000229
0.000247
0.000276
0.000305
0.00033
0.000337
0.000393
0.000409
0.000448
0.000478
0.000536
0.00062
0.000629
0.000659
0.000662
0.000664
0.000677
0.000744
0.000763
0.000795
0.000805
0.000823
0.000863
0.000882
0.000891
0.000891
0.000913
0.000937
0.000945
0.000948
0.001118
0.001124
0.001163
0.001177
0.001185
0.001193
0.001198
0.001209
0.001273
0.001309
0.001332
0.001334
0.001384
0.001388
0.001424
0.001466
0.001482
0.001562
0.001591
0.001638
0.001644
0.00169
0.001716
0.001728
0.001737
0.001828
0.001854
0.001881
0.001889
0.001938
0.001961
0.001987
0.002013
0.002019
0.00206
0.002095
0.002132
0.002139
0.002155
0.002162
0.002169
0.002173
0.00218
0.002244
0.002264
0.002273
0.002286
0.002298
0.002431
0.002436
0.002475
0.002485
0.002497
0.002516
0.002518
0.002524
0.002548
0.002549
0.002554
0.002564
0.002572
0.002583
0.002589
0.002589
0.002602
0.002642
0.00265
0.00265
0.002663
0.002703
0.002705
0.002728
0.002733
0.002824
0.002843
0.002852
0.002903
0.002963
0.002972
0.002998
0.003024
0.003059
0.003092
0.003199
0.003202
0.003239
0.003294
0.00332
0.003334
0.003399
0.003401
0.003431
0.003441
0.003502
0.003539
0.003568
0.003577
0.003593
0.003651
0.003652
0.003679
0.003782
0.003812
0.003872
0.003941
0.003949
0.003956
0.00396
0.004012
0.004032
0.004143
0.004173
0.004294
0.004361
0.004396
0.004445
0.00445
0.004477
0.004522
0.004534
0.004585
0.004636
0.004665
0.004673
0.004714
0.004724
0.004805
0.004844
0.004909
0.00495
0.004971
0.005032
0.005035
0.005105
0.005105
0.005154
0.005164
0.005186
0.005223
0.005271
0.005277
0.005293
0.005309
0.005463
0.005465
0.005466
0.005492
0.005493
0.005509
0.005557
0.005595
0.005625
0.005661
0.005768
0.00578
0.005796
0.005802
0.005805
0.005855
0.005863
0.005875
0.005918
0.005945
0.005976
0.006018
0.006033
0.00604
0.006097
0.006105
0.006134
0.006173
0.00618
0.006192
0.006201
0.006213
0.00623
0.006237
0.006335
0.006368
0.006386
0.006414
0.006414
0.006428
0.006464
0.006499
0.006518
0.006531
0.006576
0.006588
0.006594
0.006612
0.00666
0.006713
0.006739
0.006804
0.007043
0.00705
0.007069
0.007104
0.007139
0.007208
0.007308
0.007313
0.007338
0.007351
0.007356
0.007358
0.007475
0.007557
0.007616
0.007704
0.007725
0.007734
0.007761
0.007791
0.007798
0.007848
0.007854
0.007857
0.0079
0.007911
0.007919
0.007979
0.008013
0.008028
0.008076
0.008144
0.008151
0.008195
0.00822
0.008309
0.00831
0.008312
0.008371
0.008412
0.008421
0.008437
0.008482
0.008482
0.008483
0.008492
0.008503
0.008521
0.008535
0.008557
0.008587
0.008645
0.008672
0.008679
0.008705
0.008733
0.008739
0.008749
0.00875
0.008756
0.008807
0.008816
0.008817
0.008821
0.008877
0.00888
0.008969
0.008991
0.009015
0.009023
0.009088
0.009092
0.009097
0.009114
0.009146
0.009148
0.009167
0.009171
0.009276
0.009293
0.009324
0.009325
0.009346
0.0094
0.009421
0.009421
0.009497
0.00951
0.009517
0.00952
0.009547
0.009573
0.009631
0.009659
0.009662
0.009702
0.009742
0.009768
0.009809
0.009811
0.009816
0.009838
0.009885
0.009954
0.009955
0.009962
0.009988
0.009992
0.01003
0.010033
0.010046
0.010083
0.010158
0.010202
0.010205
0.010205
0.010235
0.010255
0.010276
0.010311
0.010368
0.010375
0.010417
0.010433
0.010461
0.010491
0.010543
0.010573
0.010597
0.010611
0.010735
0.010751
0.010756
0.010802
0.010824
0.010868
0.010879
0.010883
0.010887
0.01098
0.011016
0.011028
0.011032
0.011053
0.01107
0.011139
0.01114
0.011173
0.0112
0.011212
0.011222
0.011314
0.011391
0.011409
0.011413
0.011438
0.011455
0.011463
0.011468
0.011538
0.01157
0.011577
0.011605
0.011633
0.011638
0.01164
0.011658
0.011688
0.011727
0.011828
0.011908
0.011927
0.011955
0.011975
0.011979
0.01199
0.011994
0.012
0.012002
0.01201
0.012015
0.012081
0.012093
0.01212
0.012147
0.012151
0.012174
0.012183
0.012215
0.012233
0.012241
0.012273
0.01228
0.012322
0.012387
0.012399
0.012468
0.012474
0.012492
0.012521
0.012526
0.012528
0.012574
0.01261
0.012648
0.012691
0.012737
0.012749
0.012785
0.012883
0.012911
0.012925
0.012928
0.01294
0.012943
0.012948
0.012981
0.013076
0.013097
0.013107
0.013112
0.013144
0.013206
0.013232
0.013239
0.013346
0.013358
0.013362
0.013363
0.013365
0.01337
0.01337
0.013377
0.013568
0.013609
0.013642
0.01365
0.013682
0.013685
0.013689
0.013733
0.013759
0.013761
0.013765
0.013791
0.013833
0.013872
0.01391
0.013911
0.013916
0.013947
0.013951
0.013962
0.013994
0.014009
0.014022
0.014031
0.014094
0.014119
0.014132
0.014163
0.014298
0.014303
0.014306
0.014319
0.014385
0.014409
0.014445
0.014449
0.014484
0.014491
0.014507
0.014528
0.014542
0.014551
0.014557
0.014565
0.014613
0.014649
0.014681
0.014717
0.014756
0.01476
0.014762
0.014841
0.014842
0.014867
0.01488
0.014912
0.014927
0.01493
0.014932
0.014959
0.014959
0.015024
0.015061
0.015068
0.015208
0.015231
0.015262
0.015366
0.015384
0.015391
0.015399
0.015471
0.015495
0.015512
0.015575
0.015607
0.015628
0.015651
0.015677
0.015684
0.015694
0.015694
0.015696
0.015749
0.01575
0.01584
0.015861
0.015864
0.015866
0.015947
0.015958
0.015961
0.015974
0.016084
0.016087
0.01609
0.016103
0.016154
0.016183
0.016184
0.016186
0.016206
0.016308
0.016343
0.016397
0.016399
0.016402
0.01642
0.016514
0.016558
0.016573
0.016609
0.016674
0.016675
0.016683
0.016698
0.016765
0.016766
0.016799
0.016804
0.016817
0.016836
0.016869
0.01697
0.017024
0.017057
0.017062
0.017068
0.017071
0.017078
0.017089
0.017093
0.017145
0.017148
0.017247
0.017304
0.017341
0.017365
0.017425
0.017438
0.01746
0.017502
0.017503
0.017507
0.017536
0.017597
0.017625
0.017671
0.017695
0.017785
0.017791
0.017798
0.017807
0.017807
0.017837
0.017841
0.017916
0.017977
0.018014
0.018069
0.018077
0.018103
0.018134
0.018135
0.018181
0.018182
0.018224
0.018234
0.018251
0.018259
0.018291
0.018325
0.018361
0.018399
0.01841
0.018411
0.018444
0.018463
0.018466
0.018495
0.018514
0.018552
0.018609
0.018618
0.018659
0.018689
0.018715
0.018736
0.0188
0.018831
0.018832
0.018833
0.018862
0.018881
0.018901
0.018914
0.018919
0.018944
0.019002
0.019042
0.019059
0.019076
0.019111
0.019117
0.019151
0.019162
0.019165
0.01918
0.019206
0.01922
0.019228
0.019237
0.019251
0.019282
0.0193
0.019332
0.019335
0.019337
0.019345
0.019349
0.01936
0.019472
0.019505
0.019525
0.019632
0.019749
0.019869
0.019875
0.01989
0.019914
0.020025
0.020036
0.020056
0.020058
0.020118
0.020124
0.020136
0.02014
0.020151
0.020152
0.020203
0.020259
0.020278
0.020298
0.020326
0.020331
0.020387
0.020394
0.020445
0.020451
0.020466
0.020479
0.020496
0.020497
0.020506
0.020561
0.020576
0.020594
0.020595
0.020657
0.02079
0.020816
0.020838
0.020853
0.020858
0.02089
0.020925
0.020961
0.020965
0.020988
0.021008
0.021009
0.021018
0.021085
0.021099
0.0211
0.021118
0.0212
0.021213
0.021231
0.021243
0.021254
0.02126
0.021327
0.021344
0.021358
0.021366
0.021447
0.021453
0.021509
0.021592
0.021623
0.021627
0.021742
0.021801
0.021831
0.021889
0.021891
0.02198
0.02201
0.022105
0.022187
0.022281
0.022315
0.022381
0.022403
0.022459
0.022462
0.022521
0.022582
0.022595
0.022623
0.022638
0.022656
0.022725
0.022793
0.022801
0.02284
0.022995
0.022995
0.023008
0.02301
0.023015
0.023043
0.023058
0.023061
0.023076
0.023085
0.023106
0.023156
0.023168
0.023207
0.023237
0.023242
0.023248
0.023333
0.023411
0.023425
0.023437
0.023527
0.02362
0.023635
0.02365
0.023655
0.023686
0.02369
0.023694
0.023704
0.023738
0.023791
0.023861
0.023908
0.02392
0.023944
0.024024
0.02403
0.024122
0.02413
0.024183
0.024242
0.024267
0.02429
0.024315
0.024354
0.024363
0.024372
0.024443
0.024481
0.024506
0.024507
0.024549
0.024555
0.024557
0.024568
0.024593
0.024648
0.024677
0.02469
0.024693
0.024704
0.02473
0.024733
0.024771
0.024799
0.024811
0.024822
0.024873
0.024881
0.024933
0.02501
0.025011
0.025028
0.025051
0.025077
0.025106
0.025107
0.025147
0.025148
0.025203
0.025246
0.025265
0.025324
0.025324
0.02541
0.025414
0.025419
0.025421
0.025484
0.025524
0.025617
0.025648
0.02565
0.025684
0.025716
0.025768
0.025798
0.025808
0.025809
0.02581
0.025812
0.025814
0.025817
0.025832
0.025834
0.025888
0.025909
0.025941
0.025947
0.025981
0.025984
0.026156
0.026233
0.02633
0.026337
0.02634
0.026352
0.026452
0.026458
0.026468
0.026475
0.026482
0.026493
0.026496
0.026665
0.026702
0.026732
0.026735
0.026737
0.026801
0.026848
0.026856
0.026942
0.026948
0.026964
0.026987
0.027089
0.027117
0.027131
0.027164
0.027186
0.027204
0.027206
0.027215
0.027275
0.027282
0.027283
0.027294
0.027399
0.027511
0.027529
0.027541
0.027555
0.027634
0.027672
0.027685
0.027685
0.027701
0.027795
0.027873
0.027895
0.028033
0.028156
0.028201
0.028204
0.028249
0.028269
0.028279
0.02834
0.028355
0.0284
0.028471
0.028513
0.028532
0.028545
0.02855
0.02855
0.028581
0.028596
0.028602
0.028659
0.028666
0.028684
0.028704
0.028723
0.028727
0.028732
0.028799
0.028845
0.028861
0.028876
0.028948
0.02898
0.028997
0.029066
0.029151
0.029193
0.029284
0.029296
0.029298
0.02932
0.029333
0.029343
0.02935
0.029403
0.029508
0.029546
0.029585
0.029651
0.02971
0.029713
0.029727
0.029732
0.029733
0.029834
0.029844
0.029849
0.029861
0.029882
0.02991
0.02992
0.029932
0.029958
0.029991
0.029996
0.030027
0.030028
0.030082
0.030097
0.030118
0.030134
0.030142
0.030179
0.030181
0.03024
0.03027
0.030296
0.030309
0.030321
0.030385
0.030422
0.030549
0.030611
0.030617
0.030638
0.030655
0.030695
0.030749
0.030766
0.030843
0.03089
0.030891
0.030895
0.030965
0.030985
0.031137
0.031216
0.031235
0.031259
0.031262
0.031333
0.031339
0.031343
0.031346
0.031388
0.031447
0.031455
0.031458
0.031485
0.031524
0.031574
0.031597
0.031625
0.031637
0.031648
0.031666
0.031666
0.031669
0.031737
0.031743
0.031935
0.031968
0.031987
0.031997
0.03208
0.032131
0.032155
0.032157
0.032185
0.032215
0.032236
0.03224
0.032248
0.032248
0.032257
0.032293
0.032335
0.032357
0.032379
0.032392
0.032405
0.032414
0.032495
0.032512
0.032593
0.032604
0.032617
0.03264
0.032672
0.032702
0.032729
0.03278
0.032836
0.032873
0.032897
0.032922
0.032926
0.032927
0.032932
0.03296
0.032961
0.032979
0.032996
0.033013
0.033103
0.033147
0.033179
0.033183
0.033187
0.033227
0.033256
0.033329
0.033351
0.033357
0.033367
0.033436
0.033458
0.033466
0.033518
0.033542
0.033586
0.033624
0.03363
0.033663
0.033679
0.033723
0.033834
0.03384
0.033867
0.03388
0.033898
0.033906
0.03391
0.033946
0.033948
0.033986
0.034021
0.034023
0.034054
0.034067
0.03407
0.034092
0.034172
0.034197
0.034282
0.034293
0.034333
0.034341
0.034348
0.034366
0.034381
0.03439
0.03444
0.034481
0.034628
0.034681
0.03474
0.034762
0.034775
0.034777
0.034927
0.034936
0.034943
0.034957
0.035093
0.035206
0.035269
0.035294
0.035305
0.035309
0.03532
0.035453
0.035462
0.035463
0.035562
0.035578
0.035591
0.035607
0.035623
0.035637
0.035637
0.035687
0.035784
0.035818
0.035871
0.035871
0.035978
0.036002
0.036029
0.036055
0.036136
0.03615
0.036179
0.036184
0.036208
0.036264
0.036283
0.03634
0.036377
0.036378
0.036421
0.03644
0.03644
0.036473
0.036505
0.036512
0.036588
0.03661
0.036612
0.036635
0.036646
0.036718
0.036828
0.036917
0.03692
0.036989
0.036998
0.037017
0.037022
0.037152
0.037154
0.037186
0.03721
0.037298
0.037311
0.037318
0.037334
0.037336
0.037339
0.037386
0.037416
0.037446
0.037477
0.037491
0.037499
0.037527
0.037545
0.037572
0.037593
0.037604
0.037621
0.037663
0.037677
0.037684
0.037692
0.037713
0.037734
0.037757
0.037776
0.037833
0.037848
0.037866
0.037934
0.037963
0.037979
0.037981
0.037982
0.03808
0.038101
0.038106
0.038144
0.038178
0.03821
0.038213
0.038377
0.038389
0.03844
0.038512
0.038558
0.038658
0.038664
0.038688
0.038696
0.038711
0.038736
0.038759
0.03884
0.038843
0.038844
0.03887
0.038889
0.038897
0.038946
0.03895
0.038951
0.038961
0.039017
0.03903
0.039114
0.039145
0.039169
0.039179
0.03927
0.039272
0.039308
0.03933
0.039351
0.039362
0.039415
0.039487
0.039556
0.039598
0.039608
0.039621
0.039673
0.039675
0.039687
0.039715
0.039752
0.039818
0.039845
0.039856
0.039872
0.039891
0.039914
0.039939
0.039957
0.039997
0.040059
0.040072
0.040076
0.040088
0.040137
0.040168
0.040169
0.040187
0.040188
0.040234
0.040268
0.040269
0.040307
0.040336
0.040397
0.040452
0.040456
0.040462
0.040499
0.040513
0.040518
0.040557
0.040576
0.040587
0.040623
0.040655
0.040661
0.040679
0.040701
0.040723
0.040761
0.040822
0.04084
0.040851
0.040906
0.040938
0.040984
0.041001
0.041023
0.041063
0.041065
0.041165
0.041195
0.041201
0.041206
0.041208
0.041283
0.041288
0.041305
0.041309
0.041313
0.041318
0.041329
0.041332
0.041388
0.041415
0.041421
0.041455
0.041493
0.041496
0.041504
0.041512
0.041536
0.041614
0.041621
0.041665
0.041669
0.041729
0.041792
0.041808
0.041819
0.04183
0.041879
0.041884
0.041923
0.041967
0.042023
0.042024
0.042026
0.042081
0.042086
0.042097
0.042177
0.042226
0.042235
0.042239
0.042268
0.042284
0.042287
0.042356
0.04241
0.042413
0.042452
0.042479
0.04251
0.042563
0.042565
0.042593
0.042612
0.042628
0.042704
0.042706
0.042716
0.042717
0.042752
0.042775
0.042815
0.042876
0.042885
0.042925
0.042968
0.043021
0.043082
0.0431
0.04314
0.043174
0.0432
0.043238
0.04329
0.043293
0.043311
0.043344
0.043382
0.043401
0.043471
0.043473
0.043479
0.043564
0.043571
0.043628
0.043775
0.043787
0.043847
0.0439
0.043946
0.044003
0.044021
0.044116
0.044144
0.044148
0.044162
0.044263
0.04433
0.044333
0.044397
0.044413
0.044452
0.04447
0.044502
0.044511
0.044548
0.04456
0.044581
0.044589
0.044612
0.04471
0.044771
0.04481
0.044827
0.044843
0.044897
0.044928
0.04499
0.044991
0.045003
0.045014
0.045029
0.04504
0.045147
0.045165
0.045228
0.045269
0.045275
0.045303
0.045314
0.045359
0.045401
0.045421
0.045441
0.045532
0.045642
0.045646
0.04565
0.045683
0.045685
0.045745
0.045753
0.045773
0.045782
0.045799
0.045872
0.045899
0.045907
0.045945
0.046
0.046047
0.046142
0.046177
0.046192
0.046275
0.046346
0.046368
0.046424
0.046441
0.046449
0.046471
0.046527
0.046588
0.046597
0.046604
0.046657
0.046683
0.046694
0.046696
0.046838
0.04686
0.046874
0.046883
0.046905
0.046935
0.046939
0.046939
0.046948
0.047001
0.047004
0.047165
0.047172
0.047196
0.047336
0.047413
0.047442
0.047551
0.047576
0.047615
0.047616
0.04763
0.047689
0.047844
0.047917
0.047921
0.047922
0.047963
0.04798
0.048001
0.048021
0.048047
0.048076
0.048092
0.04813
0.048139
0.048153
0.04819
0.0482
0.048212
0.04823
0.04824
0.048404
0.048408
0.04846
0.048477
0.04853
0.048534
0.048562
0.048568
0.048602
0.048634
0.048651
0.048684
0.048721
0.048748
0.048783
0.048821
0.048848
0.048863
0.048863
0.048884
0.048899
0.048902
0.04897
0.048997
0.049082
0.049106
0.04914
0.049218
0.04922
0.049238
0.049238
0.049255
0.049259
0.049259
0.049411
0.049426
0.049529
0.049546
0.049561
0.049597
0.049648
0.049664
0.049675
0.049695
0.049777
0.04978
0.049822
0.049826
0.049873
0.049883
0.049888
0.049918
0.049929
0.049953
0.049979
0.049994
0.050002
0.050099
0.050099
0.050106
0.05015
0.050171
0.050219
0.050234
0.050269
0.050318
0.050327
0.050339
0.050372
0.050399
0.050413
0.050436
0.05044
0.050498
0.050508
0.050575
0.050602
0.05067
0.050694
0.050706
0.050719
0.050772
0.050857
0.050858
0.050899
0.050909
0.05093
0.050942
0.050964
0.05101
0.05101
0.051026
0.051032
0.051039
0.051045
0.051048
0.051075
0.051103
0.051161
0.051168
0.051196
0.05121
0.051311
0.051329
0.051355
0.051374
0.051474
0.051495
0.051555
0.051566
0.051673
0.051693
0.051727
0.051736
0.051741
0.051745
0.051764
0.051781
0.051977
0.05198
0.051985
0.052025
0.052065
0.052067
0.052089
0.05212
0.052173
0.05222
0.052229
0.05235
0.052432
0.052513
0.05252
0.052524
0.052539
0.052541
0.052562
0.05258
0.052582
0.052605
0.05261
0.052635
0.052657
0.052685
0.052726
0.052838
0.052877
0.052897
0.052964
0.052983
0.053009
0.053059
0.053078
0.05318
0.053233
0.053237
0.053243
0.053245
0.053298
0.053347
0.053355
0.053373
0.053383
0.053391
0.053459
0.053477
0.053494
0.05352
0.053531
0.053551
0.053652
0.053675
0.05378
0.053791
0.053905
0.053919
0.053928
0.053943
0.054007
0.054112
0.05419
0.054223
0.054254
0.054269
0.054374
0.054382
0.054383
0.054397
0.054418
0.054447
0.054454
0.054585
0.054602
0.054606
0.054619
0.054628
0.054641
0.054692
0.054713
0.054717
0.05477
0.054784
0.054873
0.054913
0.055005
0.055009
0.055022
0.055036
0.055067
0.055143
0.055152
0.055187
0.055195
0.055205
0.055314
0.055318
0.055318
0.055399
0.055409
0.055473
0.055482
0.055497
0.055498
0.055558
0.055564
0.055759
0.055764
0.055802
0.055803
0.055952
0.055993
0.056001
0.05601
0.056047
0.056091
0.056165
0.056336
0.056345
0.05636
0.056371
0.056384
0.056426
0.056434
0.056495
0.056537
0.056551
0.056558
0.056584
0.056585
0.056596
0.056642
0.056702
0.056747
0.05679
0.056842
0.056862
0.056891
0.056899
0.056903
0.05695
0.057025
0.057031
0.057041
0.057107
0.05714
0.057149
0.05724
0.05727
0.057276
0.057308
0.057309
0.057358
0.057374
0.057384
0.057417
0.057474
0.057484
0.057502
0.057536
0.057571
0.057643
0.057681
0.057728
0.057743
0.057756
0.057785
0.057799
0.057934
0.057957
0.057998
0.058048
0.058092
0.058116
0.058158
0.058171
0.058181
0.058183
0.058195
0.058275
0.05831
0.058312
0.058322
0.058465
0.058571
0.058582
0.058606
0.058658
0.058688
0.058706
0.058711
0.058716
0.058721
0.058794
0.058812
0.058822
0.058837
0.058859
0.05886
0.058987
0.059092
0.05913
0.059149
0.05921
0.059232
0.059234
0.059287
0.059309
0.059419
0.059445
0.05945
0.059464
0.059466
0.059553
0.059595
0.059636
0.059659
0.059662
0.059666
0.059675
0.0597
0.059722
0.059758
0.059825
0.059828
0.059895
0.059922
0.059926
0.059937
0.059957
0.059984
0.059986
0.060003
0.060052
0.060061
0.060067
0.060111
0.060144
0.06025
0.060269
0.060269
0.06029
0.060304
0.060334
0.060337
0.060443
0.060528
0.060564
0.060605
0.060626
0.060677
0.060701
0.060722
0.060743
0.060798
0.060865
0.060881
0.060927
0.060948
0.060977
0.061018
0.061046
0.06115
0.061189
0.061218
0.06125
0.061295
0.061296
0.061301
0.06134
0.061359
0.061391
0.061392
0.061394
0.061446
0.061524
0.061551
0.061556
0.061748
0.061801
0.061826
0.061975
0.062032
0.062073
0.062087
0.062106
0.062122
0.062137
0.062181
0.06233
0.062345
0.062348
0.062451
0.062471
0.06251
0.062545
0.062557
0.062564
0.062614
0.06263
0.062654
0.062658
0.062701
0.062792
0.06281
0.06281
0.062828
0.062834
0.062902
0.063073
0.063076
0.063118
0.063174
0.063186
0.063193
0.063196
0.063203
0.06329
0.063299
0.063335
0.063336
0.063362
0.063373
0.063408
0.063411
0.063427
0.063461
0.063476
0.063482
0.063525
0.063552
0.063571
0.063611
0.063626
0.063631
0.063638
0.063644
0.063654
0.063682
0.063731
0.063735
0.063768
0.063774
0.063808
0.06383
0.063874
0.063902
0.063907
0.063926
0.063942
0.063953
0.063962
0.064016
0.064091
0.064111
0.064181
0.064211
0.064254
0.064322
0.064399
0.064418
0.064568
0.064582
0.064587
0.064601
0.064753
0.064795
0.064804
0.06487
0.064888
0.064896
0.064933
0.064964
0.065021
0.065028
0.065034
0.065074
0.065187
0.065196
0.065218
0.06524
0.065241
0.065271
0.065358
0.06545
0.065513
0.065518
0.065582
0.065674
0.065745
0.065769
0.065853
0.065866
0.065899
0.065903
0.065918
0.065931
0.065961
0.065972
0.066008
0.066022
0.066029
0.066068
0.066073
0.066118
0.066157
0.066194
0.066196
0.066219
0.066321
0.066337
0.066341
0.066369
0.066443
0.06652
0.066523
0.066564
0.06658
0.066601
0.066607
0.066624
0.066638
0.066639
0.066639
0.066658
0.066667
0.066708
0.066727
0.066822
0.066836
0.066854
0.066863
0.06693
0.066998
0.067085
0.067106
0.067207
0.067211
0.06723
0.067259
0.067278
0.067329
0.067525
0.06759
0.06761
0.067658
0.067793
0.067794
0.067809
0.067854
0.067875
0.067892
0.067912
0.067929
0.067942
0.067944
0.068036
0.068105
0.068134
0.068181
0.068195
0.068222
0.068247
0.068259
0.068259
0.068313
0.068333
0.068349
0.068403
0.068442
0.06852
0.068662
0.068771
0.068868
0.069035
0.069038
0.069217
0.069284
0.069374
0.069434
0.069451
0.069458
0.069468
0.069521
0.069664
0.069677
0.069697
0.069705
0.069795
0.069798
0.069804
0.069871
0.069886
0.069903
0.069936
0.069963
0.069988
0.069995
0.070162
0.070169
0.070176
0.070201
0.070218
0.070234
0.070242
0.070252
0.070264
0.070334
0.070351
0.070355
0.070368
0.070483
0.070516
0.070538
0.070567
0.070618
0.07064
0.070681
0.070695
0.070724
0.070746
0.070866
0.070901
0.070913
0.07097
0.071005
0.071007
0.071009
0.071011
0.071019
0.071026
0.071035
0.071064
0.071134
0.071169
0.071176
0.071319
0.071346
0.071362
0.07142
0.071509
0.071518
0.07155
0.071552
0.071571
0.071592
0.071614
0.071622
0.071665
0.071678
0.071815
0.071827
0.071882
0.071978
0.072222
0.072227
0.072267
0.072287
0.072318
0.072324
0.072455
0.072489
0.072494
0.072543
0.072587
0.072606
0.07271
0.072716
0.072722
0.072769
0.072778
0.072893
0.07294
0.072952
0.072958
0.072988
0.073038
0.073266
0.073294
0.073361
0.073398
0.07344
0.073446
0.073448
0.07349
0.073492
0.073496
0.073632
0.073672
0.073754
0.073847
0.073911
0.073936
0.073951
0.073958
0.073978
0.073989
0.074017
0.074066
0.074084
0.074173
0.074179
0.074195
0.074372
0.074397
0.074412
0.07443
0.074447
0.074516
0.074553
0.074562
0.074595
0.074683
0.074719
0.074722
0.07479
0.074815
0.074821
0.074887
0.074899
0.074911
0.074918
0.074981
0.075028
0.075032
0.075057
0.075072
0.075103
0.075129
0.075181
0.075275
0.075355
0.075372
0.075382
0.075476
0.075494
0.075526
0.075581
0.075632
0.075711
0.075823
0.075852
0.075877
0.075923
0.075983
0.076
0.076024
0.076199
0.076361
0.076373
0.0764
0.076452
0.076466
0.076517
0.07662
0.076652
0.076652
0.076705
0.076709
0.076743
0.076788
0.076839
0.076923
0.076926
0.076944
0.076971
0.076983
0.077069
0.077107
0.077108
0.077257
0.077266
0.077283
0.077332
0.077375
0.077443
0.077447
0.077469
0.077528
0.077553
0.077641
0.077744
0.077781
0.077789
0.077896
0.077921
0.078013
0.078033
0.078103
0.078103
0.07811
0.078134
0.078174
0.078175
0.078193
0.078276
0.078283
0.078288
0.07838
0.078406
0.078428
0.078482
0.078517
0.078702
0.078713
0.078723
0.078731
0.078816
0.078823
0.078867
0.078973
0.079047
0.079057
0.079079
0.079081
0.079184
0.079201
0.079214
0.079273
0.079282
0.079323
0.079379
0.079466
0.07949
0.079493
0.079508
0.079573
0.079711
0.079741
0.079803
0.079814
0.079816
0.079883
0.079969
0.079983
0.080079
0.080124
0.080325
0.080352
0.080397
0.080463
0.080517
0.08052
0.080534
0.080748
0.080787
0.0809
0.0809
0.080989
0.080992
0.081029
0.081045
0.081189
0.081229
0.08124
0.081423
0.081446
0.081568
0.081577
0.08161
0.081619
0.081656
0.081682
0.081717
0.081739
0.08184
0.08185
0.081857
0.081865
0.081912
0.081948
0.081987
0.082092
0.082108
0.082178
0.082182
0.082213
0.082248
0.082341
0.082348
0.082362
0.082372
0.082387
0.082425
0.082471
0.082476
0.082484
0.082507
0.082529
0.082551
0.08256
0.082652
0.082701
0.082806
0.083007
0.083024
0.083025
0.08306
0.083106
0.083114
0.083158
0.083163
0.083189
0.083228
0.083356
0.08338
0.083382
0.083442
0.083463
0.083467
0.08347
0.083507
0.083509
0.083509
0.08351
0.083566
0.083585
0.083615
0.08365
0.083746
0.083755
0.083779
0.083779
0.083821
0.083902
0.083954
0.084013
0.084056
0.084152
0.084156
0.084185
0.084207
0.084232
0.08434
0.08439
0.08443
0.084441
0.084464
0.084474
0.084503
0.084724
0.084773
0.084874
0.084884
0.084898
0.08494
0.084971
0.085155
0.085263
0.085319
0.085348
0.085392
0.08542
0.085435
0.085503
0.085574
0.085589
0.085592
0.085604
0.085616
0.085623
0.085684
0.085685
0.085858
0.085862
0.085981
0.086078
0.086138
0.086198
0.086278
0.086289
0.086295
0.086322
0.086372
0.08638
0.086467
0.086536
0.086539
0.08654
0.086546
0.086562
0.086637
0.086755
0.086811
0.086816
0.086843
0.086959
0.087087
0.087109
0.087137
0.087162
0.087169
0.087169
0.087212
0.087238
0.087374
0.087403
0.087487
0.087544
0.087571
0.087629
0.087664
0.087719
0.087722
0.087737
0.087765
0.08777
0.087775
0.087845
0.087862
0.087911
0.088048
0.088067
0.088164
0.088254
0.088288
0.088316
0.088323
0.088343
0.088401
0.088512
0.088529
0.088584
0.088641
0.088651
0.088763
0.088775
0.088831
0.088875
0.088889
0.088924
0.088946
0.089039
0.089044
0.089061
0.089086
0.089128
0.089134
0.089152
0.089188
0.089201
0.089221
0.089338
0.089434
0.089442
0.089587
0.089617
0.089668
0.089677
0.089832
0.090018
0.090024
0.090069
0.090108
0.090142
0.090209
0.090225
0.090259
0.090277
0.090289
0.090357
0.090422
0.090477
0.090513
0.090606
0.090656
0.090798
0.090803
0.090907
0.090939
0.090953
0.090969
0.090993
0.091037
0.091118
0.091119
0.091135
0.091181
0.09132
0.091372
0.091379
0.09138
0.091385
0.091409
0.091445
0.091473
0.091524
0.091553
0.091717
0.091766
0.09191
0.091916
0.09225
0.092252
0.092253
0.092268
0.092279
0.092285
0.092366
0.092405
0.092407
0.092531
0.09254
0.092651
0.092684
0.092858
0.092935
0.092981
0.092988
0.093013
0.093052
0.093076
0.093161
0.093167
0.093227
0.093397
0.093419
0.093455
0.093571
0.093646
0.093692
0.093737
0.093877
0.093946
0.093966
0.093989
0.094011
0.094032
0.094115
0.094129
0.094143
0.094204
0.094208
0.094214
0.094228
0.094253
0.094269
0.094405
0.094416
0.094441
0.094526
0.094545
0.09463
0.094672
0.094737
0.094754
0.094758
0.094766
0.094777
0.094819
0.094917
0.094961
0.094993
0.094998
0.095017
0.095105
0.095105
0.095128
0.095162
0.095166
0.095214
0.095256
0.095307
0.095329
0.095377
0.095402
0.095428
0.095453
0.095479
0.095499
0.09559
0.095603
0.095626
0.095645
0.095656
0.095671
0.095698
0.095741
0.095774
0.095841
0.095899
0.096034
0.096062
0.096129
0.096217
0.096327
0.096351
0.096355
0.096409
0.096433
0.096577
0.096583
0.096646
0.096654
0.096654
0.096932
0.096941
0.096979
0.097005
0.097026
0.097048
0.097061
0.097068
0.09708
0.097138
0.097204
0.097382
0.097398
0.097464
0.097473
0.097475
0.097524
0.097541
0.097571
0.097623
0.097649
0.09771
0.097789
0.097835
0.097876
0.097921
0.098026
0.098118
0.098121
0.098158
0.098181
0.098183
0.098217
0.098237
0.098241
0.098243
0.098249
0.098269
0.098431
0.098461
0.09847
0.098483
0.098489
0.098516
0.098528
0.098572
0.098597
0.098613
0.09864
0.098763
0.09881
0.098855
0.098885
0.098891
0.098935
0.098945
0.098958
0.098974
0.098987
0.099218
0.099246
0.099249
0.099378
0.099394
0.09946
0.099471
0.099471
0.099472
0.099496
0.099545
0.099558
0.099717
0.099742
0.099851
0.100233
0.100276
0.10028
0.100383
0.100424
0.100432
0.100449
0.100532
0.100556
0.100583
0.100614
0.100705
0.10074
0.100855
0.100862
0.100888
0.100964
0.100972
0.101044
0.101055
0.101063
0.10116
0.101322
0.101369
0.10137
0.101384
0.101416
0.101459
0.101461
0.101545
0.101605
0.101614
0.101614
0.101645
0.101657
0.101727
0.101737
0.101854
0.101862
0.101863
0.101954
0.102006
0.102033
0.102074
0.102237
0.102275
0.102422
0.102455
0.10252
0.102526
0.102543
0.102593
0.102636
0.102636
0.102653
0.102678
0.10272
0.102721
0.102749
0.102791
0.102824
0.10292
0.102949
0.102996
0.103152
0.103182
0.103207
0.103211
0.103218
0.103251
0.103254
0.103295
0.103312
0.103376
0.103415
0.103439
0.103465
0.103476
0.103485
0.103488
0.103538
0.103562
0.103564
0.103609
0.103617
0.103704
0.103721
0.103743
0.103748
0.10378
0.10382
0.1039
0.103916
0.104003
0.104021
0.104034
0.104038
0.104113
0.104225
0.104265
0.104283
0.104404
0.10443
0.104447
0.104576
0.104711
0.105062
0.105084
0.105201
0.105242
0.10532
0.105443
0.105529
0.105543
0.105544
0.105556
0.105639
0.105676
0.105702
0.105744
0.105817
0.105921
0.105984
0.106009
0.106028
0.106125
0.106293
0.106305
0.10631
0.106434
0.106596
0.106675
0.106768
0.106803
0.10683
0.106886
0.106979
0.10699
0.107122
0.107294
0.107334
0.107358
0.107582
0.107636
0.107644
0.107653
0.107675
0.107739
0.107828
0.107831
0.107885
0.107886
0.10806
0.108064
0.108099
0.108104
0.10822
0.108225
0.108265
0.108288
0.108301
0.108303
0.108394
0.108398
0.108398
0.108417
0.108455
0.108509
0.108536
0.108644
0.108699
0.108717
0.108766
0.108967
0.109031
0.109054
0.109095
0.109145
0.109239
0.109272
0.109278
0.1093
0.109325
0.109377
0.109379
0.109383
0.109407
0.109425
0.109436
0.109438
0.109497
0.109525
0.109604
0.109648
0.109868
0.10994
0.110014
0.110078
0.110094
0.110137
0.110159
0.110174
0.110237
0.110247
0.110312
0.110321
0.110406
0.110481
0.110487
0.110496
0.110532
0.110596
0.11064
0.110701
0.110723
0.11082
0.110854
0.110948
0.111041
0.111049
0.111119
0.111166
0.111251
0.111392
0.111441
0.111484
0.111587
0.111656
0.111789
0.111866
0.111871
0.111913
0.111918
0.11197
0.111988
0.112043
0.112046
0.112075
0.112095
0.112157
0.11225
0.112311
0.112363
0.112397
0.112419
0.112491
0.112496
0.112515
0.112551
0.112635
0.112673
0.112858
0.112895
0.112916
0.112928
0.112942
0.112969
0.112999
0.113049
0.113242
0.113255
0.113258
0.113315
0.113333
0.113465
0.113468
0.113486
0.113629
0.113668
0.113706
0.113795
0.113858
0.113876
0.113883
0.113893
0.113913
0.113926
0.113943
0.113955
0.113994
0.113995
0.114001
0.114068
0.114152
0.114173
0.114184
0.11431
0.114313
0.114367
0.114412
0.114433
0.114491
0.114574
0.114577
0.114698
0.114845
0.114866
0.114976
0.115009
0.11505
0.115052
0.115062
0.115216
0.115269
0.115302
0.115319
0.115382
0.115454
0.115489
0.115496
0.115617
0.115799
0.115901
0.115944
0.116093
0.11621
0.116234
0.116311
0.11635
0.116364
0.116396
0.116442
0.116445
0.116446
0.116469
0.116619
0.11666
0.116721
0.116724
0.116783
0.11684
0.116905
0.116981
0.117001
0.117065
0.117156
0.117226
0.117256
0.117376
0.117378
0.1174
0.117418
0.117441
0.117908
0.117922
0.117951
0.117988
0.118027
0.118034
0.118072
0.118123
0.118145
0.118155
0.118233
0.118285
0.118311
0.118474
0.118505
0.118614
0.118641
0.11893
0.118944
0.11905
0.119098
0.119108
0.119197
0.119218
0.119226
0.119359
0.119425
0.119484
0.119503
0.119632
0.119652
0.119682
0.119697
0.119763
0.119774
0.119779
0.119787
0.119863
0.119872
0.12001
0.120011
0.12002
0.120044
0.120105
0.120136
0.120143
0.120222
0.12026
0.120292
0.120386
0.12044
0.12052
0.120589
0.120594
0.120829
0.120967
0.121006
0.121007
0.121073
0.12111
0.12111
0.121144
0.1212
0.121244
0.121279
0.12133
0.121374
0.121377
0.121386
0.121475
0.12152
0.121554
0.121599
0.12172
0.121802
0.121803
0.122046
0.12205
0.122184
0.122297
0.122297
0.122358
0.122453
0.122455
0.122459
0.122587
0.122604
0.122842
0.122865
0.122903
0.122953
0.122976
0.123012
0.123021
0.123042
0.123119
0.12324
0.123264
0.1233
0.123316
0.12332
0.123489
0.123553
0.123572
0.12371
0.123816
0.123819
0.123841
0.123851
0.123879
0.123905
0.123917
0.123937
0.123972
0.123995
0.124278
0.12429
0.124346
0.124415
0.12452
0.124579
0.124584
0.124776
0.124808
0.124864
0.124916
0.124977
0.125045
0.125047
0.125117
0.125134
0.12514
0.125146
0.125242
0.125301
0.125313
0.125326
0.125393
0.125522
0.125531
0.125539
0.125708
0.125772
0.125789
0.12585
0.125892
0.125908
0.125996
0.126074
0.126184
0.126185
0.126242
0.126313
0.126321
0.126358
0.126459
0.126477
0.126496
0.126574
0.126646
0.126693
0.126741
0.126827
0.126892
0.126897
0.126987
0.12711
0.127169
0.127274
0.127283
0.127307
0.127375
0.127424
0.127453
0.127464
0.127543
0.12789
0.12798
0.127996
0.128107
0.128144
0.12817
0.128311
0.128387
0.128389
0.128412
0.128477
0.128686
0.128892
0.128965
0.129017
0.129053
0.129062
0.129142
0.12921
0.12924
0.129279
0.129283
0.129332
0.129404
0.129488
0.129511
0.129566
0.129764
0.129801
0.12981
0.129815
0.129866
0.129907
0.130058
0.130234
0.130249
0.130376
0.13038
0.130422
0.130432
0.130461
0.130632
0.130633
0.130787
0.130803
0.130823
0.130851
0.130891
0.13095
0.130981
0.130998
0.131059
0.131094
0.131161
0.131164
0.131213
0.131238
0.131251
0.131353
0.131474
0.1316
0.131626
0.131636
0.131667
0.131706
0.13171
0.131712
0.131776
0.131955
0.132077
0.132175
0.13222
0.132237
0.132269
0.132353
0.132364
0.132385
0.13252
0.132576
0.132591
0.132609
0.132671
0.132673
0.132714
0.132808
0.132826
0.132841
0.132918
0.133018
0.133101
0.133117
0.133177
0.133365
0.133392
0.1335
0.133521
0.133559
0.133664
0.13367
0.133783
0.133783
0.133798
0.133799
0.133865
0.133883
0.133899
0.1339
0.133993
0.134005
0.134087
0.134107
0.134234
0.134237
0.134368
0.13444
0.134467
0.134475
0.134527
0.134764
0.134979
0.135068
0.135117
0.135129
0.135201
0.135249
0.135374
0.135425
0.135461
0.135492
0.135529
0.135587
0.135599
0.135663
0.135669
0.135764
0.135795
0.135803
0.135913
0.135977
0.13605
0.136138
0.136187
0.13638
0.136405
0.136492
0.136538
0.136554
0.136561
0.136607
0.136609
0.136674
0.136754
0.136775
0.136846
0.136992
0.137127
0.137149
0.137195
0.13722
0.137237
0.137258
0.137266
0.137295
0.137497
0.137566
0.137569
0.137773
0.137905
0.137925
0.138005
0.138012
0.138052
0.138077
0.138158
0.138171
0.138194
0.138195
0.138256
0.138379
0.138395
0.138424
0.138464
0.138476
0.138538
0.138544
0.138643
0.138652
0.138676
0.13877
0.138787
0.138809
0.138843
0.138892
0.139003
0.139119
0.139202
0.139221
0.139313
0.139314
0.139391
0.139407
0.139502
0.139609
0.139791
0.139895
0.140108
0.140163
0.140169
0.140199
0.140284
0.140288
0.14044
0.140468
0.140572
0.140603
0.140655
0.1407
0.140762
0.140823
0.140902
0.141108
0.141144
0.141195
0.141203
0.14124
0.141281
0.141366
0.141423
0.141466
0.141497
0.141589
0.141624
0.141679
0.141735
0.141924
0.141969
0.142003
0.142049
0.142108
0.142135
0.14226
0.142345
0.142403
0.142408
0.142559
0.142611
0.14279
0.142854
0.142861
0.142872
0.142949
0.143246
0.143296
0.143326
0.143393
0.143421
0.143723
0.143743
0.143785
0.143807
0.143815
0.143897
0.143933
0.14398
0.144004
0.144146
0.144163
0.144232
0.144285
0.144429
0.14444
0.144483
0.144577
0.144602
0.144613
0.144659
0.144771
0.145158
0.145184
0.145189
0.145191
0.145194
0.145244
0.14525
0.145276
0.145311
0.14533
0.14541
0.145459
0.145459
0.145464
0.145507
0.145533
0.145697
0.145715
0.146019
0.146066
0.146092
0.146123
0.146145
0.146186
0.146208
0.146291
0.146395
0.146404
0.146412
0.146437
0.146467
0.146488
0.146507
0.146744
0.146791
0.147187
0.147219
0.147276
0.147362
0.147506
0.147707
0.147708
0.147791
0.147844
0.147945
0.148031
0.148079
0.148197
0.148199
0.148228
0.148395
0.148426
0.148479
0.148579
0.148756
0.148844
0.149022
0.149103
0.149138
0.149145
0.149168
0.149235
0.149391
0.149402
0.149488
0.149574
0.150137
0.150242
0.150348
0.150393
0.150422
0.150494
0.150525
0.150621
0.150629
0.150738
0.150739
0.1508
0.150857
0.15101
0.151053
0.151206
0.151232
0.151242
0.151321
0.151333
0.151463
0.151492
0.151537
0.151574
0.151628
0.15163
0.151793
0.151855
0.151981
0.152037
0.152145
0.152532
0.152572
0.152782
0.152808
0.152829
0.152851
0.153006
0.153138
0.153292
0.153323
0.153336
0.153469
0.153566
0.153593
0.153608
0.153667
0.153768
0.154027
0.154056
0.15416
0.15434
0.154412
0.154438
0.154491
0.154639
0.154661
0.154786
0.155164
0.155236
0.155349
0.155358
0.155439
0.155466
0.155482
0.155482
0.155493
0.15556
0.1556
0.155604
0.155671
0.155723
0.155732
0.155811
0.155912
0.155994
0.156025
0.156056
0.1561
0.156148
0.156153
0.156187
0.156213
0.156311
0.156428
0.156442
0.156491
0.15651
0.15657
0.156603
0.156648
0.156675
0.156698
0.156723
0.156731
0.156739
0.156787
0.156794
0.156795
0.157005
0.157035
0.15704
0.157073
0.157159
0.157164
0.157171
0.157173
0.157235
0.157282
0.157306
0.157337
0.157372
0.157376
0.157422
0.157443
0.157488
0.157521
0.157678
0.157779
0.157868
0.15803
0.158123
0.158355
0.15836
0.158791
0.15886
0.158872
0.158904
0.158959
0.159296
0.159383
0.159429
0.159512
0.159621
0.15971
0.159733
0.159831
0.160064
0.160068
0.160131
0.160178
0.16032
0.160328
0.160336
0.160384
0.16042
0.160507
0.160552
0.160632
0.160642
0.160644
0.160944
0.160956
0.161149
0.161241
0.161439
0.161454
0.161626
0.161731
0.161761
0.161778
0.161844
0.16185
0.161918
0.161942
0.162195
0.16223
0.162249
0.16228
0.16245
0.162524
0.162524
0.162576
0.162628
0.162636
0.162648
0.162796
0.162831
0.162845
0.16286
0.162875
0.162875
0.162893
0.162911
0.162941
0.163003
0.163007
0.163027
0.163046
0.163146
0.163159
0.163186
0.163194
0.163281
0.163334
0.163342
0.163352
0.163378
0.163531
0.163568
0.163622
0.163633
0.163682
0.163706
0.163715
0.163825
0.163847
0.1639
0.163922
0.163951
0.16421
0.164229
0.164323
0.164369
0.164468
0.16449
0.164545
0.164659
0.164736
0.164837
0.164856
0.164856
0.164882
0.165154
0.165172
0.165317
0.165324
0.165366
0.165598
0.165623
0.165665
0.165903
0.16593
0.165995
0.166017
0.166021
0.166081
0.166128
0.166186
0.166219
0.16625
0.166372
0.16646
0.166502
0.166538
0.166596
0.166631
0.166666
0.16672
0.166738
0.166749
0.166764
0.166806
0.166854
0.166875
0.166973
0.167239
0.167342
0.16748
0.167554
0.167613
0.167621
0.167642
0.167649
0.167775
0.168119
0.168138
0.168359
0.168511
0.168512
0.168522
0.168561
0.168602
0.168603
0.168644
0.16878
0.16878
0.168911
0.168987
0.169015
0.169083
0.169148
0.169162
0.16918
0.169263
0.169333
0.169423
0.169442
0.169649
0.169661
0.169711
0.169793
0.1698
0.169991
0.17002
0.170251
0.170332
0.170436
0.170443
0.170562
0.170568
0.170729
0.170752
0.170809
0.170989
0.171035
0.171083
0.171095
0.171164
0.171365
0.171384
0.171553
0.17161
0.171715
0.171747
0.171786
0.171932
0.17198
0.172189
0.172208
0.172258
0.17241
0.172432
0.172527
0.17265
0.172694
0.172709
0.173004
0.173029
0.173063
0.173313
0.173334
0.173352
0.173458
0.173518
0.173649
0.173827
0.173988
0.174037
0.174179
0.174212
0.174386
0.174411
0.174493
0.174551
0.174707
0.174887
0.175166
0.175302
0.175531
0.175605
0.175749
0.175799
0.175947
0.176034
0.176123
0.176147
0.176169
0.176176
0.176357
0.176361
0.176427
0.176535
0.17657
0.176632
0.17664
0.17683
0.177003
0.177076
0.17717
0.177185
0.177295
0.177318
0.177351
0.177396
0.177465
0.177587
0.177593
0.177606
0.177815
0.17795
0.178101
0.178132
0.178142
0.17822
0.17832
0.17834
0.178423
0.178565
0.17859
0.178622
0.17872
0.178727
0.178736
0.178744
0.179102
0.179305
0.179381
0.179435
0.179483
0.179687
0.179753
0.179768
0.17977
0.179801
0.180061
0.180074
0.18008
0.180141
0.18019
0.18057
0.180659
0.18068
0.180752
0.1808
0.180909
0.180962
0.180986
0.180991
0.181017
0.181168
0.181177
0.18121
0.181302
0.181437
0.181683
0.181762
0.181902
0.181969
0.182061
0.182193
0.182352
0.182417
0.182458
0.182552
0.182629
0.18265
0.18266
0.182721
0.182954
0.183074
0.183101
0.183144
0.183158
0.18325
0.183503
0.183598
0.183713
0.183866
0.184094
0.184254
0.184278
0.18455
0.18481
0.184831
0.184878
0.184981
0.18499
0.184994
0.184999
0.185037
0.185097
0.185131
0.185185
0.185233
0.185243
0.185423
0.185428
0.185435
0.185488
0.185664
0.185781
0.185791
0.185991
0.186212
0.186329
0.186485
0.186513
0.18653
0.186582
0.186656
0.186684
0.186702
0.187051
0.187158
0.187222
0.187273
0.187345
0.187448
0.187593
0.187597
0.187706
0.187849
0.188025
0.188054
0.188155
0.188174
0.188195
0.18824
0.188264
0.188416
0.188491
0.188494
0.188582
0.188806
0.188938
0.188952
0.189108
0.189131
0.189406
0.189575
0.189597
0.189598
0.189622
0.189731
0.189743
0.189827
0.190194
0.190339
0.190465
0.190535
0.190961
0.190983
0.191017
0.191018
0.191039
0.191042
0.191749
0.191765
0.192171
0.192266
0.192419
0.192627
0.192667
0.192723
0.19274
0.19299
0.193169
0.193278
0.193318
0.193392
0.193448
0.193882
0.193958
0.194014
0.194078
0.194092
0.194099
0.194268
0.19428
0.194329
0.194336
0.194492
0.194517
0.194805
0.19484
0.194862
0.194883
0.194927
0.194932
0.194944
0.195062
0.195063
0.19529
0.195365
0.195466
0.195534
0.195624
0.195656
0.195667
0.195697
0.196116
0.196239
0.196328
0.196343
0.196414
0.196589
0.196654
0.196664
0.196768
0.19691
0.196949
0.196984
0.197045
0.197097
0.197185
0.197402
0.197513
0.197627
0.197627
0.197656
0.197679
0.197761
0.197796
0.197814
0.197935
0.198052
0.198057
0.198268
0.198451
0.198485
0.198543
0.198567
0.198577
0.198727
0.198888
0.198956
0.19897
0.199316
0.199384
0.199402
0.199443
0.199476
0.199735
0.199798
0.200103
0.200205
0.200212
0.200338
0.200394
0.200462
0.200486
0.200891
0.200928
0.201081
0.201379
0.201421
0.201434
0.201537
0.201736
0.201742
0.201778
0.20187
0.202078
0.202198
0.202284
0.202395
0.202521
0.202683
0.202834
0.202837
0.202949
0.203225
0.203443
0.203698
0.203711
0.20377
0.203803
0.2039
0.203943
0.204057
0.204189
0.204207
0.204305
0.204324
0.204496
0.204592
0.204652
0.204719
0.204786
0.20482
0.204979
0.20501
0.205057
0.205232
0.205276
0.205564
0.205683
0.205685
0.206306
0.206435
0.206564
0.206579
0.206703
0.206713
0.206767
0.2068
0.206805
0.206827
0.206902
0.206929
0.206935
0.207259
0.207345
0.20742
0.207498
0.207502
0.207577
0.207653
0.207741
0.207865
0.208022
0.2082
0.208443
0.20867
0.208679
0.208827
0.208887
0.209043
0.209266
0.209379
0.209457
0.209485
0.209507
0.209748
0.20997
0.209981
0.210018
0.210204
0.21025
0.210318
0.210474
0.210711
0.211172
0.211213
0.211549
0.211585
0.211667
0.211792
0.211871
0.21192
0.212289
0.212419
0.212497
0.212633
0.212744
0.212749
0.212927
0.213017
0.213024
0.213107
0.213369
0.213371
0.213774
0.214252
0.214299
0.214408
0.214545
0.214615
0.214648
0.214663
0.214956
0.214966
0.21503
0.215135
0.215315
0.21532
0.215513
0.215587
0.215958
0.215992
0.216189
0.216331
0.216616
0.216706
0.216762
0.216772
0.216792
0.216823
0.216825
0.216848
0.217039
0.217057
0.217085
0.217136
0.217427
0.217517
0.217533
0.217562
0.217737
0.217845
0.218065
0.218422
0.218461
0.21859
0.218683
0.218698
0.218844
0.218911
0.218915
0.218985
0.219012
0.21905
0.219071
0.219116
0.219142
0.219239
0.219244
0.219343
0.219413
0.220019
0.220035
0.220055
0.220208
0.220241
0.220263
0.220338
0.220348
0.22056
0.220673
0.220751
0.220796
0.220821
0.220946
0.220975
0.221083
0.221116
0.221183
0.2212
0.221356
0.221546
0.221589
0.221637
0.221701
0.22175
0.221772
0.221774
0.221908
0.222184
0.222291
0.222639
0.222677
0.222765
0.222787
0.222812
0.222892
0.223075
0.223344
0.223521
0.223622
0.223849
0.224099
0.224124
0.224191
0.224274
0.224287
0.224289
0.224764
0.224944
0.225019
0.225263
0.225292
0.225463
0.225549
0.225824
0.225852
0.225986
0.226006
0.226098
0.226375
0.226491
0.226655
0.226966
0.227047
0.227269
0.227287
0.227368
0.22737
0.227444
0.227808
0.227909
0.228234
0.228336
0.228445
0.228582
0.228659
0.228696
0.228847
0.229027
0.229395
0.229466
0.229567
0.229694
0.229764
0.229785
0.229796
0.229989
0.23011
0.230162
0.230242
0.230334
0.230352
0.230521
0.230555
0.230667
0.231597
0.231696
0.231956
0.232025
0.23205
0.232059
0.232108
0.232475
0.232498
0.232548
0.232651
0.232705
0.232778
0.232788
0.232804
0.233196
0.233315
0.233384
0.233576
0.233613
0.233618
0.233794
0.233935
0.234052
0.234127
0.234325
0.23436
0.234534
0.234598
0.234714
0.234735
0.234784
0.2348
0.234817
0.234875
0.234893
0.235105
0.235194
0.23523
0.235252
0.235281
0.235282
0.235322
0.235525
0.235603
0.23573
0.235804
0.236141
0.236392
0.23659
0.236702
0.236857
0.236925
0.236941
0.237163
0.237275
0.237318
0.237514
0.237618
0.237798
0.237884
0.238066
0.238239
0.238296
0.238458
0.238485
0.238522
0.238666
0.238696
0.238947
0.239026
0.239077
0.239181
0.239355
0.239579
0.239603
0.239632
0.239775
0.23998
0.239989
0.240037
0.240091
0.240239
0.240357
0.240468
0.240657
0.240696
0.240697
0.240717
0.240877
0.240945
0.240972
0.241134
0.241374
0.241532
0.241894
0.241975
0.242046
0.242146
0.242199
0.242622
0.242916
0.242944
0.243274
0.243574
0.243688
0.2437
0.243865
0.24389
0.244115
0.24413
0.244248
0.244609
0.244896
0.244943
0.244987
0.245278
0.245356
0.245365
0.245429
0.245439
0.245485
0.24562
0.245703
0.245866
0.245958
0.245967
0.24602
0.246388
0.246389
0.246651
0.246752
0.246818
0.246996
0.247151
0.247294
0.247671
0.247696
0.247709
0.247816
0.24816
0.24828
0.248308
0.248376
0.248516
0.24857
0.248879
0.249486
0.249771
0.249862
0.249983
0.250089
0.250236
0.250237
0.250363
0.250668
0.250773
0.250881
0.250904
0.251049
0.251484
0.251682
0.251847
0.251871
0.251955
0.252142
0.252149
0.252275
0.252531
0.25264
0.252671
0.252759
0.252772
0.252794
0.25284
0.253009
0.253037
0.253317
0.253409
0.253624
0.253629
0.253647
0.253697
0.253714
0.253901
0.254197
0.25423
0.254308
0.254463
0.254642
0.254644
0.254677
0.254777
0.254889
0.254947
0.255036
0.255048
0.255594
0.255619
0.255694
0.256042
0.256064
0.256143
0.256256
0.256764
0.256974
0.257095
0.25713
0.257253
0.25733
0.257449
0.257563
0.257766
0.258134
0.258322
0.258462
0.25855
0.258891
0.259258
0.259288
0.259887
0.25991
0.260366
0.260673
0.261113
0.261622
0.262362
0.262622
0.262758
0.26277
0.263013
0.263143
0.263214
0.263239
0.263248
0.263371
0.263407
0.263564
0.26363
0.264153
0.264186
0.26423
0.26448
0.264794
0.265317
0.265394
0.265847
0.265857
0.265901
0.266012
0.266032
0.266095
0.266163
0.266352
0.266402
0.266412
0.266598
0.266615
0.266637
0.266639
0.266651
0.26675
0.26689
0.266987
0.267131
0.267243
0.267252
0.267598
0.267676
0.26775
0.268586
0.268987
0.269361
0.269421
0.269539
0.269674
0.269927
0.270024
0.270038
0.270189
0.27024
0.27031
0.270413
0.270536
0.270605
0.270754
0.270792
0.270957
0.271004
0.271078
0.271106
0.271195
0.271411
0.271434
0.271848
0.271867
0.272014
0.27202
0.27207
0.272265
0.272321
0.272449
0.272451
0.272531
0.27257
0.273391
0.273435
0.273656
0.274127
0.274275
0.274278
0.274279
0.274339
0.27435
0.274906
0.274976
0.275144
0.27629
0.276348
0.276396
0.276458
0.276619
0.276984
0.277022
0.277195
0.277222
0.277347
0.277632
0.277775
0.277922
0.278016
0.278358
0.278422
0.27844
0.278555
0.278884
0.278983
0.27913
0.279462
0.279666
0.279952
0.280298
0.280313
0.280353
0.280396
0.280444
0.28064
0.280709
0.280757
0.280763
0.280802
0.281021
0.281036
0.281064
0.281568
0.281665
0.281761
0.281941
0.282365
0.282591
0.282592
0.282724
0.282785
0.282839
0.283095
0.283422
0.283761
0.283933
0.283981
0.284244
0.284328
0.284504
0.284516
0.284661
0.284767
0.284932
0.284981
0.285119
0.285147
0.285462
0.285527
0.285816
0.286073
0.286154
0.286196
0.286685
0.286686
0.287
0.287029
0.287144
0.287327
0.287381
0.287408
0.28774
0.287817
0.287927
0.288302
0.288886
0.289263
0.289571
0.290309
0.290374
0.290483
0.290982
0.291275
0.291342
0.291445
0.291513
0.291623
0.291802
0.292063
0.29235
0.292351
0.292883
0.293274
0.293391
0.293725
0.293797
0.293864
0.29396
0.293978
0.294167
0.294318
0.294386
0.294465
0.294813
0.294839
0.294906
0.295039
0.295149
0.295287
0.29546
0.295736
0.295942
0.296573
0.296593
0.296763
0.296846
0.296851
0.297424
0.297853
0.298609
0.299051
0.300122
0.300507
0.300525
0.300602
0.301098
0.301286
0.301544
0.301749
0.302352
0.302534
0.30264
0.30267
0.302705
0.302713
0.303148
0.303541
0.303815
0.304341
0.304595
0.304674
0.304696
0.304708
0.304738
0.304768
0.305085
0.305823
0.305861
0.306155
0.306302
0.306594
0.306763
0.307134
0.307247
0.307543
0.307997
0.308485
0.309222
0.309296
0.309532
0.309611
0.310208
0.31036
0.310496
0.310497
0.310672
0.311097
0.311187
0.311641
0.311784
0.31192
0.312446
0.312565
0.312907
0.313291
0.313296
0.313372
0.313409
0.313441
0.313783
0.313953
0.314146
0.314381
0.314958
0.315212
0.315449
0.315647
0.316056
0.316195
0.316646
0.31684
0.317108
0.317181
0.317264
0.317283
0.317415
0.317433
0.317772
0.318282
0.318397
0.31871
0.319232
0.319548
0.31971
0.319775
0.32001
0.320547
0.320641
0.320788
0.320921
0.321273
0.321677
0.321988
0.322013
0.322348
0.322422
0.322501
0.322515
0.323853
0.323945
0.324109
0.324278
0.324329
0.32434
0.324782
0.325145
0.325206
0.325521
0.325677
0.325815
0.326055
0.326162
0.326481
0.326775
0.32678
0.326805
0.326947
0.327013
0.327041
0.327155
0.327689
0.327818
0.327834
0.327984
0.328113
0.328176
0.328428
0.328524
0.328538
0.329142
0.329331
0.32961
0.330075
0.330085
0.330198
0.330431
0.330744
0.330818
0.330844
0.331099
0.331589
0.331626
0.331736
0.332169
0.332227
0.332367
0.332552
0.333114
0.333419
0.3342
0.334718
0.334829
0.334831
0.334908
0.335151
0.335549
0.335588
0.335652
0.33591
0.336061
0.336377
0.33675
0.336988
0.337018
0.337706
0.337762
0.337766
0.337828
0.337914
0.338025
0.338046
0.338156
0.338241
0.338539
0.339441
0.339578
0.340536
0.34082
0.341025
0.341248
0.341401
0.341694
0.341777
0.341796
0.341849
0.341907
0.342284
0.342392
0.342566
0.34261
0.342674
0.342701
0.342968
0.34299
0.343035
0.343091
0.343201
0.343305
0.344004
0.344546
0.344685
0.344803
0.345353
0.345401
0.345614
0.345803
0.345809
0.346159
0.34629
0.346344
0.346474
0.346817
0.346951
0.347071
0.34741
0.347514
0.347595
0.347762
0.347766
0.348235
0.348286
0.348453
0.348493
0.348609
0.348794
0.348937
0.349077
0.349106
0.34972
0.349789
0.349795
0.349808
0.350214
0.350229
0.350446
0.350545
0.350701
0.350845
0.351571
0.351824
0.351979
0.352803
0.352901
0.35298
0.353043
0.35314
0.353314
0.353411
0.353434
0.353749
0.354647
0.354721
0.354948
0.35513
0.355137
0.355183
0.355377
0.355442
0.356247
0.356316
0.356396
0.356795
0.356812
0.356895
0.357184
0.357247
0.357494
0.357739
0.360181
0.360863
0.360973
0.361016
0.361065
0.361113
0.361496
0.361496
0.361522
0.361867
0.361959
0.362435
0.362461
0.362607
0.362633
0.362708
0.362789
0.362873
0.363084
0.363569
0.363979
0.364571
0.364813
0.365077
0.366539
0.366869
0.367002
0.367151
0.368091
0.368724
0.36941
0.369516
0.369664
0.369792
0.369913
0.370141
0.370175
0.370443
0.37097
0.371813
0.372288
0.373652
0.373825
0.373848
0.374417
0.374654
0.374936
0.375051
0.375751
0.375864
0.37634
0.376568
0.376636
0.377269
0.377436
0.377843
0.378277
0.379118
0.379353
0.379382
0.379422
0.379852
0.37992
0.380014
0.380046
0.380561
0.381141
0.381233
0.381346
0.381561
0.382008
0.382149
0.383173
0.383687
0.38394
0.384237
0.384292
0.38439
0.384541
0.384752
0.384762
0.384771
0.384863
0.384944
0.385862
0.38645
0.386494
0.386672
0.386948
0.387218
0.387445
0.387714
0.388091
0.388282
0.38838
0.388476
0.388788
0.389046
0.38967
0.389977
0.390432
0.390762
0.390822
0.390891
0.392184
0.392383
0.392464
0.392644
0.393423
0.393614
0.393623
0.393962
0.394149
0.395196
0.395255
0.395324
0.396431
0.396487
0.39652
0.396927
0.397809
0.397967
0.397979
0.398302
0.398389
0.399145
0.399455
0.399634
0.399852
0.400525
0.401092
0.401254
0.401462
0.401782
0.401929
0.402549
0.402812
0.40321
0.40368
0.403734
0.404302
0.404447
0.404567
0.404749
0.405256
0.406149
0.406853
0.407652
0.407681
0.407752
0.407872
0.407925
0.408593
0.40866
0.408761
0.409694
0.410593
0.411251
0.4115
0.412064
0.412099
0.412231
0.413731
0.413927
0.414414
0.414831
0.415515
0.416588
0.416884
0.417726
0.418092
0.41826
0.418522
0.419012
0.41965
0.4211
0.422045
0.422212
0.423187
0.423479
0.425175
0.425414
0.42565
0.425808
0.426576
0.426939
0.427078
0.427357
0.427357
0.427569
0.427843
0.428263
0.429318
0.430202
0.430608
0.430817
0.431347
0.431777
0.432038
0.432122
0.432504
0.43258
0.432896
0.433409
0.433803
0.434886
0.435701
0.435714
0.435969
0.436581
0.436665
0.436702
0.437028
0.437267
0.438146
0.438233
0.439035
0.439172
0.439264
0.439508
0.440466
0.44058
0.441479
0.441782
0.441868
0.442603
0.442616
0.442919
0.444392
0.444573
0.44528
0.445526
0.446044
0.446416
0.447195
0.447289
0.447556
0.447667
0.447829
0.448461
0.448579
0.448671
0.448795
0.449021
0.450295
0.450557
0.451178
0.45167
0.45267
0.452698
0.45304
0.453826
0.454266
0.454349
0.454512
0.454648
0.455749
0.455931
0.456898
0.457203
0.457211
0.458416
0.458462
0.458473
0.458505
0.459311
0.459704
0.45976
0.460361
0.460458
0.460884
0.461858
0.462186
0.462855
0.462958
0.463832
0.463979
0.464215
0.465389
0.465389
0.465411
0.465456
0.465739
0.466162
0.466905
0.467149
0.467685
0.467947
0.469206
0.471294
0.471478
0.471594
0.471663
0.47226
0.472607
0.472873
0.474041
0.474053
0.474381
0.474478
0.475341
0.475471
0.475726
0.476539
0.477068
0.478235
0.478462
0.478499
0.478572
0.478912
0.479015
0.480806
0.481357
0.481575
0.481632
0.481756
0.481886
0.483726
0.485069
0.485121
0.486086
0.486098
0.486301
0.487876
0.488227
0.488529
0.489294
0.489318
0.490701
0.49072
0.491021
0.491094
0.491726
0.492004
0.492766
0.492869
0.493978
0.495056
0.495158
0.495309
0.496384
0.496481
0.496741
0.497015
0.497157
0.498052
0.498554
0.49856
0.499129
0.499401
0.499828
0.501562
0.50166
0.501784
0.502679
0.502708
0.502876
0.503086
0.504096
0.504714
0.505095
0.506193
0.506405
0.5068
0.50709
0.507119
0.507188
0.50722
0.50758
0.508793
0.509045
0.50939
0.509968
0.510991
0.511127
0.511146
0.511727
0.51397
0.515018
0.515988
0.516129
0.51701
0.518774
0.518783
0.518836
0.518861
0.519624
0.520281
0.522084
0.522135
0.522327
0.522474
0.522736
0.523506
0.524176
0.524351
0.524688
0.524979
0.528052
0.528216
0.528953
0.52897
0.52902
0.529478
0.529827
0.53186
0.533326
0.533474
0.533577
0.533601
0.534064
0.534446
0.535058
0.537559
0.537588
0.538594
0.538893
0.539148
0.539173
0.53993
0.540079
0.540114
0.540185
0.543894
0.544274
0.544765
0.544932
0.544996
0.545095
0.545417
0.546219
0.547817
0.548652
0.55044
0.550466
0.550496
0.552471
0.552921
0.553222
0.553287
0.554191
0.554623
0.556419
0.55655
0.556604
0.557204
0.55728
0.559155
0.560151
0.560212
0.562216
0.562338
0.565202
0.566052
0.567175
0.567857
0.568808
0.569698
0.569913
0.570401
0.571199
0.573327
0.57358
0.57436
0.575169
0.576352
0.578153
0.580736
0.581116
0.581124
0.585437
0.585909
0.586792
0.586914
0.586949
0.587141
0.587776
0.588376
0.589513
0.589686
0.590171
0.590383
0.59079
0.59116
0.591733
0.591891
0.593017
0.593683
0.594444
0.594591
0.594748
0.595129
0.596704
0.601236
0.601697
0.601914
0.603241
0.605152
0.607894
0.6085
0.610328
0.611079
0.612293
0.612924
0.613602
0.614832
0.614895
0.616564
0.616814
0.616895
0.619259
0.623809
0.624685
0.625415
0.62598
0.626175
0.626188
0.626847
0.627278
0.629093
0.629238
0.62946
0.630475
0.633237
0.634139
0.634355
0.63538
0.635468
0.635986
0.636248
0.636291
0.637841
0.63807
0.638312
0.640822
0.641678
0.641948
0.646065
0.652904
0.655218
0.655292
0.657414
0.658391
0.658652
0.659577
0.660492
0.6611
0.662697
0.665535
0.666484
0.669259
0.669553
0.670292
0.670631
0.670683
0.671653
0.671954
0.672064
0.67352
0.674597
0.675204
0.676387
0.679229
0.679371
0.680756
0.680862
0.680951
0.68383
0.683897
0.68394
0.684172
0.684559
0.685567
0.686481
0.688532
0.689603
0.689815
0.693779
0.698624
0.699327
0.7003
0.700725
0.701116
0.701252
0.701989
0.703052
0.703453
0.706206
0.711518
0.711842
0.713181
0.713313
0.714071
0.714271
0.714355
0.714685
0.715516
0.717949
0.718373
0.720528
0.720603
0.723834
0.728323
0.729565
0.730555
0.733377
0.734526
0.737838
0.741669
0.741676
0.741759
0.745639
0.745801
0.748695
0.749045
0.749406
0.749761
0.751541
0.752988
0.753072
0.753407
0.756416
0.756937
0.75787
0.760687
0.764723
0.766715
0.767209
0.768713
0.771344
0.773291
0.774948
0.775567
0.775853
0.776312
0.781193
0.781549
0.783998
0.786411
0.786524
0.795243
0.796656
0.796704
0.799699
0.80055
0.804158
0.805258
0.806924
0.807552
0.808078
0.81209
0.812544
0.813798
0.816799
0.81732
0.820827
0.821065
0.82149
0.821615
0.821622
0.822013
0.824199
0.825856
0.826553
0.827071
0.828465
0.830115
0.830943
0.83256
0.83582
0.836605
0.844209
0.845268
0.847376
0.853367
0.855269
0.857194
0.858918
0.860786
0.867321
0.86867
0.870063
0.874859
0.878104
0.880516
0.880571
0.881141
0.882332
0.893193
0.893654
0.894023
0.895412
0.896057
0.896126
0.899142
0.899681
0.90492
0.905917
0.907281
0.908858
0.911695
0.912602
0.913832
0.923157
0.925208
0.925472
0.929621
0.931484
0.933826
0.939242
0.946921
0.948912
0.949963
0.951559
0.954487
0.954987
0.959862
0.960131
0.961982
0.965597
0.969765
0.970786
0.979764
0.981395
0.982635
0.984254
0.985613
0.986225
0.986859
0.988703
0.990462
0.990727
0.990864
0.992521
0.993285
0.995589
0.996654
0.9981
0.998219
0.998494
1.001213
1.002667
1.002873
1.003951
1.006597
1.009275
1.018191
1.021084
1.022747
1.026106
1.026935
1.028518
1.029188
1.033026
1.033088
1.037026
1.039935
1.048248
1.048294
1.048762
1.048812
1.052527
1.057165
1.058761
1.061717
1.064325
1.071619
1.072625
1.074062
1.086745
1.087569
1.092166
1.092316
1.092976
1.094317
1.097747
1.102797
1.103053
1.112049
1.112603
1.113571
1.11432
1.116386
1.12011
1.121091
1.12111
1.121615
1.122181
1.125345
1.127413
1.128421
1.130516
1.132866
1.139367
1.143243
1.145335
1.148103
1.149272
1.151927
1.16308
1.173029
1.174189
1.17816
1.180075
1.188464
1.193613
1.193742
1.194016
1.207634
1.207797
1.211463
1.215332
1.223062
1.227485
1.230801
1.233647
1.238071
1.247398
1.247691
1.250091
1.250445
1.255174
1.25802
1.267972
1.276737
1.294861
1.301765
1.303321
1.30913
1.317627
1.322586
1.323272
1.32576
1.326028
1.34465
1.357699
1.359508
1.369219
1.376411
1.377188
1.380221
1.389943
1.403897
1.406485
1.428696
1.434521
1.444978
1.453896
1.46465
1.470505
1.474567
1.4837
1.489784
1.505016
1.507715
1.512176
1.516407
1.51809
1.528424
1.530606
1.534701
1.535112
1.538445
1.575274
1.583614
1.594681
1.597483
1.624371
1.633183
1.67298
1.681062
1.682468
1.691734
1.718908
1.719474
1.729509
1.74002
1.740863
1.744219
1.8196
1.822938
1.830868
1.871351
1.880739
1.907539
1.927858
1.980116
2.019512
2.031293
2.03275
2.047711
2.061357
2.074409
2.076271
2.077088
2.118991
2.18057
2.185267
2.210995
2.247535
2.254152
2.294603
2.37018
2.412332
2.478733
2.572352
2.675856
2.784753
2.795327
2.836951
2.838106
2.978766
3.034134
3.206325
3.518149
3.978822
4.143473
4.334283
7.862628
