-0.131471
-0.061434
-0.034972
-0.023218
-0.023145
-0.020442
-0.019874
-0.019845
-0.015907
-0.012891
-0.012832
-0.012183
-0.009063
-0.008234
-0.005519
-0.003719
-0.003646
-0.003518
-0.00268
-0.002564
-0.001637
-0.00145
-0.001344
-2.7e-05
0.000137
0.000227
0.000287
0.000643
0.000856
0.000955
0.001217
0.001379
0.001666
0.001978
0.00207
0.002153
0.002159
0.002517
0.002767
0.002904
0.002985
0.003034
0.003347
0.00371
0.003876
0.004068
0.004351
0.004527
0.004585
0.005191
0.005371
0.005558
0.005914
0.006136
0.006196
0.006865
0.007234
0.007436
0.00772
0.007772
0.00788
0.008036
0.008128
0.008511
0.008718
0.008955
0.009382
0.00967
0.010152
0.010334
0.01037
0.010884
0.011388
0.012
0.012099
0.012198
0.013458
0.013537
0.013884
0.013918
0.013983
0.014085
0.014465
0.0145
0.014515
0.014726
0.014852
0.01488
0.014986
0.015623
0.015814
0.01625
0.016732
0.016792
0.017111
0.017165
0.017525
0.017569
0.017656
0.018106
0.018889
0.019079
0.019247
0.019934
0.020082
0.020486
0.021272
0.021663
0.0217
0.022044
0.022443
0.02249
0.023211
0.023528
0.02357
0.023853
0.024074
0.024352
0.024443
0.024743
0.024766
0.025194
0.025611
0.025864
0.026022
0.026123
0.026179
0.026254
0.026293
0.026365
0.026791
0.026873
0.027032
0.027242
0.027603
0.027981
0.028755
0.028774
0.028959
0.029919
0.030072
0.030076
0.030149
0.030603
0.031166
0.031249
0.031289
0.031661
0.031703
0.031804
0.033416
0.03355
0.034454
0.034482
0.034505
0.035224
0.035512
0.035789
0.03589
0.035926
0.035927
0.03595
0.036135
0.036661
0.036898
0.03699
0.03701
0.037484
0.037988
0.038029
0.03833
0.038541
0.038617
0.038674
0.038871
0.039525
0.039677
0.039797
0.040079
0.040384
0.040614
0.040723
0.040894
0.041255
0.041538
0.042072
0.042361
0.042488
0.042619
0.042865
0.043271
0.04422
0.044328
0.044604
0.044683
0.045468
0.045663
0.045773
0.04636
0.046447
0.046474
0.046975
0.04704
0.04718
0.047322
0.047441
0.048023
0.048172
0.048363
0.048525
0.0488
0.049209
0.049914
0.050494
0.050726
0.0518
0.052044
0.052278
0.052633
0.052803
0.053218
0.053234
0.053487
0.05409
0.054801
0.054862
0.055077
0.056955
0.057925
0.058002
0.058577
0.058646
0.058802
0.05898
0.059279
0.059699
0.05991
0.059921
0.060014
0.060071
0.060157
0.060188
0.060456
0.060945
0.061166
0.061429
0.06193
0.061942
0.062486
0.062668
0.063211
0.063265
0.0633
0.063504
0.063702
0.06374
0.063957
0.063981
0.063985
0.065394
0.065705
0.066487
0.066771
0.06738
0.067642
0.067867
0.067992
0.068492
0.068642
0.068795
0.06892
0.069189
0.069199
0.069204
0.069368
0.069729
0.069927
0.070177
0.070353
0.070683
0.070894
0.071282
0.071736
0.071749
0.071973
0.072475
0.072575
0.073003
0.073076
0.073384
0.073858
0.073898
0.07442
0.074713
0.075089
0.075346
0.075887
0.076013
0.076584
0.076591
0.076597
0.076789
0.076837
0.077689
0.077888
0.077949
0.078237
0.078496
0.079044
0.079761
0.079863
0.080083
0.080253
0.080595
0.080727
0.080796
0.080951
0.081048
0.082051
0.082377
0.082635
0.083023
0.083073
0.084002
0.084079
0.084112
0.085347
0.085517
0.085813
0.086004
0.08606
0.086194
0.086583
0.086619
0.086657
0.086948
0.087151
0.087685
0.088071
0.088508
0.088517
0.08885
0.088868
0.089136
0.089601
0.089714
0.090095
0.090311
0.090986
0.091713
0.091864
0.09249
0.092592
0.092612
0.092734
0.092858
0.092996
0.093361
0.094111
0.094791
0.094848
0.095099
0.095168
0.095815
0.096111
0.096203
0.096743
0.096834
0.097418
0.09774
0.097783
0.097819
0.098181
0.09853
0.098595
0.09888
0.099132
0.099316
0.099643
0.100039
0.100549
0.100624
0.100712
0.100935
0.101993
0.102191
0.102386
0.102724
0.103064
0.103725
0.104279
0.104483
0.104604
0.104782
0.105117
0.105669
0.105738
0.106028
0.106111
0.106515
0.106521
0.107048
0.107339
0.107446
0.107626
0.107738
0.108257
0.108539
0.108607
0.108707
0.109277
0.109464
0.109526
0.109659
0.109676
0.109912
0.110021
0.110201
0.110296
0.110378
0.11071
0.111193
0.111411
0.111655
0.111747
0.11176
0.111906
0.11208
0.112908
0.113495
0.113504
0.114131
0.114282
0.114321
0.11466
0.114735
0.114869
0.114883
0.115155
0.115391
0.115788
0.11648
0.11715
0.117595
0.117717
0.11772
0.11798
0.118005
0.118073
0.118856
0.119447
0.11958
0.119718
0.119827
0.12027
0.120657
0.120973
0.121179
0.121892
0.122057
0.122125
0.122202
0.122309
0.122781
0.124584
0.124609
0.125014
0.125038
0.125347
0.126428
0.126716
0.126882
0.127219
0.12724
0.127887
0.128389
0.128637
0.12891
0.129008
0.129164
0.129445
0.129469
0.129608
0.129826
0.129864
0.129968
0.130063
0.130071
0.130938
0.131043
0.131166
0.131215
0.131486
0.1315
0.131516
0.131525
0.131843
0.131869
0.131958
0.132197
0.132335
0.132349
0.132382
0.132545
0.133033
0.134278
0.134928
0.134935
0.135056
0.13512
0.135154
0.135306
0.135552
0.13565
0.135825
0.136204
0.137019
0.137051
0.137406
0.1385
0.138672
0.138948
0.14016
0.140278
0.140381
0.140557
0.140851
0.141697
0.141704
0.142338
0.14249
0.142754
0.142798
0.14306
0.143668
0.144192
0.144481
0.145135
0.145929
0.14595
0.145976
0.146122
0.146124
0.146622
0.146675
0.146931
0.147057
0.14747
0.147475
0.148053
0.148431
0.148844
0.148993
0.148998
0.149116
0.149594
0.149899
0.150204
0.150753
0.15081
0.150918
0.150941
0.150981
0.151005
0.151331
0.151842
0.152133
0.152446
0.153247
0.153709
0.153847
0.153855
0.154378
0.15475
0.154893
0.155365
0.155493
0.155939
0.156202
0.157479
0.157574
0.157587
0.157608
0.157653
0.157819
0.157856
0.157894
0.15812
0.158542
0.158882
0.15935
0.160504
0.160664
0.161109
0.161482
0.161715
0.161799
0.162028
0.16235
0.163088
0.16316
0.163545
0.164044
0.164049
0.164077
0.164311
0.165762
0.166614
0.166833
0.166882
0.166982
0.167185
0.168028
0.168595
0.168639
0.168761
0.168769
0.168943
0.16908
0.16916
0.169167
0.169417
0.169866
0.16989
0.169892
0.170001
0.170025
0.170204
0.170259
0.170373
0.170511
0.170616
0.170772
0.170809
0.170896
0.171454
0.171844
0.172304
0.172312
0.172368
0.172926
0.173054
0.173201
0.173417
0.173496
0.174068
0.174134
0.174598
0.174982
0.175889
0.176244
0.176752
0.176946
0.17701
0.177187
0.178153
0.178499
0.178882
0.178983
0.179247
0.179454
0.180196
0.180499
0.180891
0.180992
0.181132
0.181135
0.181388
0.181395
0.181801
0.182037
0.182982
0.18333
0.183554
0.184183
0.184185
0.184223
0.184256
0.184453
0.184531
0.18475
0.185299
0.185447
0.185803
0.185828
0.186076
0.186433
0.186491
0.186596
0.186606
0.187416
0.187467
0.187503
0.187802
0.188096
0.188531
0.188557
0.188557
0.188584
0.189
0.189249
0.189525
0.189597
0.189868
0.190015
0.190137
0.190213
0.190322
0.190747
0.190823
0.191706
0.191932
0.192414
0.192738
0.192891
0.193085
0.193292
0.193695
0.193719
0.194008
0.194162
0.194373
0.194551
0.194614
0.194908
0.195417
0.195428
0.195651
0.19601
0.196045
0.196714
0.196978
0.197334
0.19781
0.198326
0.198483
0.198491
0.198646
0.198831
0.199359
0.199375
0.199476
0.199765
0.199902
0.200087
0.200629
0.200914
0.200922
0.201018
0.201082
0.201271
0.202041
0.202333
0.202395
0.202536
0.203031
0.203393
0.203414
0.203836
0.203986
0.204654
0.20518
0.205388
0.20569
0.206036
0.206211
0.206269
0.206697
0.20681
0.20702
0.207225
0.207335
0.207355
0.207742
0.208085
0.208387
0.208427
0.208503
0.208952
0.209296
0.209769
0.209901
0.209948
0.210031
0.210078
0.21022
0.210353
0.210628
0.210822
0.211021
0.211169
0.211362
0.211378
0.212805
0.212843
0.213372
0.213579
0.213858
0.214692
0.214785
0.215535
0.215751
0.21606
0.216207
0.216527
0.216613
0.216673
0.216768
0.217063
0.21789
0.218267
0.218278
0.218475
0.219309
0.220588
0.221518
0.222019
0.222377
0.222634
0.222693
0.22292
0.223063
0.223493
0.223771
0.224552
0.224581
0.224677
0.225205
0.225387
0.225566
0.225571
0.225722
0.225915
0.226407
0.226454
0.226503
0.227247
0.227267
0.227613
0.227702
0.227773
0.2279
0.227996
0.22809
0.2284
0.229011
0.229049
0.229156
0.229577
0.229915
0.230791
0.230857
0.230858
0.230965
0.231255
0.231327
0.231618
0.232436
0.232636
0.233498
0.234064
0.234254
0.234598
0.234612
0.234652
0.234701
0.235587
0.236291
0.236345
0.236455
0.236638
0.237414
0.237496
0.237678
0.237783
0.237984
0.23804
0.238556
0.23898
0.239375
0.239557
0.23989
0.240071
0.240428
0.240586
0.241763
0.242022
0.242646
0.242955
0.243
0.243243
0.243253
0.244072
0.244084
0.244259
0.244331
0.244589
0.244631
0.244702
0.244731
0.245582
0.245691
0.245886
0.246229
0.246808
0.246974
0.246981
0.247012
0.247056
0.247076
0.247127
0.247163
0.247373
0.247447
0.247604
0.247619
0.248539
0.248597
0.248868
0.24924
0.249455
0.249605
0.249873
0.250035
0.250594
0.251551
0.252173
0.252185
0.253023
0.253424
0.253587
0.253717
0.253794
0.253886
0.253982
0.254429
0.254471
0.254621
0.254755
0.255021
0.25586
0.256119
0.256156
0.256157
0.256338
0.257186
0.258322
0.258358
0.258565
0.258757
0.259037
0.259123
0.259256
0.259838
0.259844
0.260471
0.260762
0.261328
0.261368
0.26145
0.261518
0.261558
0.262617
0.262619
0.262733
0.263955
0.264349
0.264475
0.264823
0.265513
0.265931
0.265936
0.266557
0.266591
0.266621
0.266773
0.266804
0.266858
0.267024
0.267444
0.267576
0.267649
0.268385
0.268545
0.268688
0.269189
0.269791
0.27025
0.27041
0.271012
0.271045
0.2716
0.272081
0.27235
0.272673
0.272841
0.273524
0.274035
0.274392
0.274759
0.274767
0.275021
0.27542
0.275568
0.276329
0.277304
0.27847
0.278714
0.278844
0.27923
0.279333
0.279665
0.280209
0.281065
0.281235
0.282875
0.283088
0.283099
0.283215
0.283366
0.283666
0.284943
0.285054
0.28566
0.286606
0.286789
0.287101
0.287694
0.288348
0.288397
0.289153
0.289299
0.289717
0.289866
0.290001
0.290187
0.290421
0.290798
0.292109
0.292507
0.292595
0.292835
0.292947
0.293075
0.293078
0.293191
0.293245
0.293546
0.293909
0.294579
0.294768
0.295468
0.295907
0.296
0.296001
0.296089
0.296176
0.297193
0.297386
0.297407
0.297612
0.297976
0.297978
0.29801
0.298183
0.299007
0.29924
0.299674
0.29996
0.300003
0.300011
0.300174
0.300189
0.300869
0.301106
0.301735
0.302227
0.302304
0.302998
0.303146
0.303214
0.303234
0.303336
0.303543
0.303617
0.304433
0.304515
0.30477
0.305477
0.305582
0.305791
0.307093
0.307863
0.308716
0.308754
0.308804
0.309027
0.309126
0.309405
0.309647
0.310462
0.31201
0.312207
0.312249
0.312913
0.313
0.31304
0.313854
0.314379
0.314386
0.314462
0.314732
0.315422
0.315495
0.316129
0.316207
0.316215
0.316358
0.316546
0.31766
0.31777
0.31777
0.317785
0.318111
0.318204
0.318708
0.31882
0.319229
0.31951
0.3196
0.320148
0.320172
0.320237
0.320289
0.320502
0.320574
0.320624
0.320874
0.323474
0.323691
0.323998
0.324895
0.325014
0.325404
0.3259
0.326048
0.326191
0.326634
0.326658
0.32676
0.32692
0.32701
0.32914
0.329472
0.33014
0.33025
0.331243
0.331533
0.331646
0.331771
0.331885
0.331945
0.332114
0.33249
0.332571
0.333248
0.33399
0.334884
0.334964
0.335003
0.335306
0.335484
0.33687
0.336924
0.337191
0.337336
0.337942
0.338208
0.33823
0.338385
0.338396
0.338449
0.33869
0.338705
0.339055
0.339239
0.340051
0.341139
0.341254
0.341846
0.342031
0.342122
0.342148
0.342444
0.342913
0.34377
0.344366
0.344829
0.346975
0.347194
0.347286
0.34746
0.347814
0.348494
0.34882
0.349033
0.349365
0.349398
0.349456
0.34964
0.350194
0.350643
0.350852
0.351133
0.351385
0.351532
0.351658
0.351819
0.351885
0.35226
0.353257
0.353791
0.354121
0.354452
0.354578
0.354996
0.355408
0.356442
0.357405
0.357407
0.357426
0.358029
0.358273
0.358342
0.358474
0.358778
0.358831
0.359464
0.359624
0.359987
0.360469
0.360568
0.361267
0.361422
0.362064
0.362657
0.362886
0.363043
0.363284
0.364165
0.364236
0.364569
0.364674
0.364779
0.364888
0.364891
0.364978
0.365026
0.365113
0.365729
0.366099
0.366261
0.366414
0.366531
0.36656
0.366697
0.366863
0.367135
0.367517
0.367726
0.367742
0.367776
0.368496
0.368905
0.369154
0.369522
0.369621
0.369626
0.370415
0.37081
0.37107
0.371169
0.371567
0.372123
0.372236
0.372416
0.372556
0.372767
0.372913
0.372941
0.373498
0.374014
0.374131
0.374257
0.374481
0.374983
0.375315
0.375788
0.375969
0.376146
0.376375
0.376813
0.377148
0.377355
0.377372
0.377675
0.377942
0.377997
0.3782
0.378534
0.378691
0.378745
0.378808
0.378934
0.379126
0.379318
0.379594
0.379679
0.380038
0.381501
0.381537
0.382558
0.382766
0.382832
0.38291
0.383002
0.383014
0.383468
0.383506
0.383796
0.383833
0.384321
0.384368
0.384928
0.385119
0.385168
0.3855
0.385563
0.385776
0.385944
0.386141
0.38617
0.386474
0.386911
0.387122
0.387259
0.387637
0.387919
0.388122
0.388724
0.388852
0.388982
0.389673
0.390019
0.390121
0.390587
0.390801
0.391283
0.391934
0.392003
0.392124
0.392561
0.39268
0.39272
0.392796
0.393251
0.393318
0.393351
0.393512
0.393679
0.393885
0.394086
0.394822
0.39548
0.395717
0.396105
0.397043
0.397319
0.397603
0.398073
0.398528
0.399234
0.399761
0.399889
0.399917
0.400087
0.401588
0.401872
0.401927
0.401931
0.402101
0.40243
0.403097
0.403097
0.403182
0.403444
0.403553
0.404006
0.404091
0.404325
0.40449
0.40478
0.404832
0.404868
0.404897
0.404976
0.405046
0.40603
0.406032
0.40635
0.406595
0.406604
0.406783
0.406817
0.406924
0.407063
0.407326
0.407663
0.408416
0.409291
0.409307
0.409986
0.410254
0.410501
0.410542
0.410543
0.410652
0.410682
0.410838
0.41163
0.412105
0.412468
0.412726
0.412943
0.413118
0.413461
0.413538
0.413615
0.414459
0.41473
0.414868
0.416029
0.416057
0.4164
0.416883
0.416931
0.417154
0.417369
0.417506
0.418091
0.418117
0.419313
0.41935
0.4196
0.419829
0.420013
0.420272
0.420896
0.420998
0.421076
0.421643
0.422258
0.422338
0.423012
0.423302
0.423402
0.423888
0.424267
0.424289
0.424446
0.42471
0.424849
0.425082
0.425101
0.425557
0.425976
0.426086
0.426419
0.426555
0.426866
0.427049
0.428393
0.42857
0.428963
0.429216
0.429493
0.429565
0.429603
0.43028
0.430355
0.430825
0.4313
0.431597
0.4325
0.433078
0.433593
0.433703
0.434477
0.434831
0.435317
0.435528
0.43562
0.435635
0.435902
0.436657
0.436763
0.436902
0.437172
0.437666
0.438101
0.43857
0.438879
0.439203
0.439209
0.439674
0.440395
0.441296
0.441456
0.44221
0.442332
0.442396
0.442477
0.442495
0.443379
0.443507
0.444081
0.444541
0.444882
0.445084
0.445158
0.445203
0.445818
0.445895
0.446159
0.447339
0.447845
0.44787
0.448077
0.448523
0.448646
0.448695
0.448847
0.448868
0.448936
0.450316
0.450397
0.450477
0.451104
0.451115
0.451444
0.45155
0.452412
0.452749
0.452845
0.452997
0.453567
0.453877
0.454022
0.454229
0.454694
0.454868
0.455323
0.455547
0.455903
0.456289
0.456356
0.456889
0.457163
0.457315
0.45749
0.457715
0.457877
0.457946
0.45797
0.458115
0.458442
0.458625
0.459733
0.460633
0.461833
0.462242
0.463091
0.463223
0.463277
0.463498
0.463636
0.463759
0.464421
0.464735
0.46541
0.465802
0.466375
0.46645
0.466503
0.466553
0.466781
0.4672
0.467203
0.467221
0.467229
0.467686
0.468053
0.468274
0.46837
0.468646
0.468671
0.468682
0.469144
0.469586
0.470224
0.470725
0.470906
0.471163
0.471175
0.4712
0.471226
0.471409
0.471459
0.471655
0.472109
0.472111
0.472207
0.472331
0.472441
0.472886
0.472935
0.473023
0.473078
0.473286
0.473458
0.473645
0.473713
0.473804
0.473872
0.473923
0.475157
0.475395
0.475554
0.475756
0.47579
0.476145
0.476536
0.476547
0.476728
0.477114
0.477115
0.477648
0.478037
0.478678
0.479837
0.480049
0.480198
0.48028
0.481251
0.481328
0.481366
0.481383
0.481508
0.481999
0.482042
0.482359
0.482571
0.483033
0.483556
0.483871
0.484457
0.484944
0.485497
0.485735
0.485772
0.485924
0.486192
0.486773
0.488324
0.488808
0.488861
0.488913
0.489124
0.48955
0.490665
0.490702
0.490725
0.490795
0.491194
0.491236
0.491711
0.492022
0.492154
0.492265
0.492563
0.492564
0.49271
0.493083
0.493155
0.493274
0.493458
0.493742
0.493977
0.494122
0.494132
0.494379
0.494535
0.494748
0.495305
0.495399
0.4958
0.495969
0.496554
0.496831
0.497217
0.497468
0.49782
0.498103
0.498191
0.498201
0.498342
0.498575
0.499028
0.499277
0.499396
0.499586
0.499685
0.499808
0.500876
0.501947
0.50285
0.503047
0.503855
0.504524
0.504807
0.504897
0.505771
0.506147
0.506156
0.5063
0.506555
0.506662
0.507229
0.507439
0.509102
0.509142
0.509183
0.509222
0.509464
0.50971
0.510928
0.511104
0.512031
0.512159
0.512295
0.512442
0.512511
0.512658
0.512708
0.513174
0.513174
0.51357
0.513685
0.513768
0.514047
0.514118
0.515032
0.516056
0.516249
0.516351
0.51727
0.517322
0.51738
0.517546
0.517625
0.517639
0.517974
0.519105
0.519338
0.519799
0.519969
0.520041
0.520135
0.520312
0.520354
0.520674
0.521223
0.522244
0.522326
0.522517
0.522539
0.522813
0.523403
0.524176
0.52437
0.524658
0.52474
0.525044
0.525306
0.525352
0.525979
0.526258
0.526389
0.526434
0.526939
0.527095
0.527165
0.527232
0.527331
0.527502
0.527706
0.528207
0.528735
0.529062
0.529409
0.530286
0.530349
0.530471
0.530558
0.53086
0.531057
0.531183
0.531217
0.531284
0.531503
0.532063
0.532073
0.532124
0.533208
0.533242
0.533318
0.534225
0.535635
0.535686
0.536293
0.536317
0.536413
0.536593
0.537032
0.53708
0.538682
0.538697
0.538967
0.539031
0.539226
0.539781
0.539855
0.540137
0.540282
0.54033
0.54102
0.541193
0.54133
0.541545
0.541579
0.541634
0.541692
0.541785
0.541876
0.542421
0.542427
0.542715
0.542863
0.543669
0.544016
0.544245
0.544514
0.546059
0.546208
0.546231
0.546632
0.547105
0.547191
0.547642
0.547794
0.547961
0.548605
0.548699
0.548899
0.549503
0.549683
0.549688
0.549977
0.550105
0.550236
0.551287
0.552152
0.552433
0.552523
0.553243
0.553501
0.553554
0.553714
0.553978
0.554313
0.554352
0.554597
0.554664
0.554789
0.555739
0.556068
0.556203
0.556501
0.556511
0.556559
0.556632
0.557206
0.557225
0.557368
0.557515
0.557553
0.557645
0.557859
0.558412
0.558672
0.558803
0.558869
0.55947
0.559928
0.560016
0.560158
0.560741
0.56076
0.560961
0.561214
0.561802
0.561918
0.562224
0.563
0.563057
0.563826
0.563852
0.563889
0.564171
0.564276
0.564314
0.565414
0.565679
0.565766
0.565808
0.566545
0.566631
0.566746
0.566787
0.567044
0.567354
0.567413
0.567597
0.568218
0.568502
0.568544
0.568582
0.568724
0.568732
0.568767
0.569179
0.570198
0.570288
0.57063
0.570869
0.572491
0.572704
0.572989
0.573148
0.573203
0.57344
0.573878
0.574068
0.574994
0.575377
0.575744
0.575768
0.575973
0.576148
0.576237
0.57632
0.576931
0.577225
0.577659
0.577691
0.577727
0.577909
0.5785
0.578726
0.578867
0.579164
0.579511
0.579691
0.57992
0.579977
0.580385
0.580388
0.580988
0.581095
0.581318
0.581442
0.581444
0.581766
0.581884
0.582135
0.582385
0.582487
0.583983
0.584362
0.584456
0.584536
0.584702
0.584819
0.585745
0.586242
0.586767
0.5868
0.586825
0.586931
0.586949
0.587496
0.587571
0.58775
0.587816
0.588092
0.588206
0.58835
0.588815
0.589035
0.589164
0.589293
0.589476
0.589581
0.590126
0.590264
0.590382
0.590533
0.5907
0.59101
0.591077
0.591146
0.591459
0.591675
0.59211
0.592154
0.592194
0.592342
0.59349
0.593552
0.593692
0.594061
0.594355
0.594538
0.594833
0.594957
0.59548
0.5956
0.595629
0.595742
0.596141
0.59627
0.596486
0.596497
0.596567
0.596602
0.596849
0.597168
0.597626
0.597695
0.597781
0.597852
0.597852
0.597921
0.598023
0.598307
0.598432
0.598459
0.598644
0.5987
0.598941
0.598984
0.59926
0.599435
0.599682
0.599865
0.599908
0.599966
0.600077
0.60134
0.601662
0.60232
0.602355
0.602514
0.602563
0.602581
0.603017
0.603361
0.603623
0.604009
0.604022
0.604156
0.604253
0.604614
0.604693
0.605266
0.605314
0.605411
0.605598
0.605812
0.6059
0.60601
0.606351
0.606572
0.606716
0.60678
0.606942
0.607252
0.607263
0.607535
0.607606
0.608011
0.608096
0.608117
0.608122
0.608234
0.608414
0.608508
0.609129
0.609191
0.609676
0.609884
0.60997
0.610034
0.610456
0.610516
0.61056
0.610567
0.610613
0.611215
0.61132
0.611566
0.61168
0.611818
0.612048
0.612342
0.612761
0.612821
0.612985
0.613115
0.613192
0.613636
0.613679
0.61385
0.613946
0.613987
0.614237
0.614365
0.614706
0.615631
0.615858
0.615868
0.616235
0.616268
0.616365
0.616474
0.61661
0.616985
0.617004
0.617941
0.61807
0.618319
0.618363
0.618994
0.619072
0.619124
0.619199
0.61947
0.619722
0.620051
0.620387
0.620504
0.620573
0.62175
0.621902
0.622234
0.622279
0.622811
0.623084
0.623546
0.62366
0.624038
0.624109
0.62419
0.624261
0.624503
0.624949
0.625139
0.625255
0.625614
0.625999
0.626042
0.626066
0.62609
0.626182
0.626235
0.626382
0.626532
0.626771
0.626998
0.627584
0.627633
0.628082
0.628179
0.628618
0.628871
0.62914
0.629166
0.629568
0.630085
0.630252
0.630695
0.63151
0.631606
0.632151
0.632179
0.632763
0.632948
0.63322
0.633406
0.633584
0.633798
0.633915
0.634237
0.634329
0.634728
0.634827
0.635141
0.635307
0.635482
0.636125
0.636575
0.63847
0.638602
0.638611
0.639289
0.639704
0.639796
0.639921
0.639939
0.640034
0.64062
0.641076
0.641205
0.641215
0.641242
0.641783
0.641874
0.642078
0.642646
0.643445
0.64349
0.643828
0.644249
0.644262
0.64464
0.644877
0.645708
0.64608
0.647779
0.648453
0.648634
0.648889
0.6491
0.64918
0.650623
0.650683
0.651021
0.651615
0.652399
0.652746
0.653046
0.653123
0.653263
0.653509
0.653571
0.653832
0.653882
0.654014
0.654668
0.654939
0.655256
0.655504
0.655586
0.656296
0.656341
0.656381
0.656399
0.656457
0.656511
0.656557
0.656778
0.656965
0.656985
0.657271
0.657664
0.65797
0.658772
0.658845
0.659234
0.659516
0.659729
0.659824
0.659859
0.659986
0.660693
0.660985
0.661834
0.661907
0.662094
0.662271
0.662529
0.662761
0.662788
0.662811
0.662959
0.663351
0.663909
0.664017
0.66502
0.665208
0.665668
0.665812
0.666144
0.666151
0.66646
0.666466
0.666666
0.666722
0.666772
0.667192
0.667215
0.667488
0.668074
0.668796
0.669041
0.669298
0.669365
0.669368
0.669572
0.670388
0.671096
0.671549
0.671552
0.671647
0.6718
0.671809
0.671846
0.671846
0.67228
0.673441
0.673501
0.67372
0.674459
0.675573
0.675773
0.675934
0.676091
0.676547
0.676789
0.677226
0.677254
0.677601
0.677736
0.678355
0.67849
0.678528
0.678923
0.679161
0.679371
0.679418
0.679491
0.679635
0.680138
0.680679
0.681408
0.681738
0.681771
0.681904
0.682155
0.682965
0.683793
0.683923
0.684248
0.68432
0.6844
0.684692
0.685508
0.68578
0.686302
0.686624
0.686743
0.687127
0.687183
0.687513
0.687729
0.687887
0.688213
0.688387
0.68895
0.688959
0.689091
0.689429
0.689795
0.689805
0.690364
0.690913
0.691238
0.691313
0.69145
0.692111
0.692575
0.692756
0.69278
0.692914
0.693026
0.69363
0.693708
0.694672
0.694688
0.695889
0.696248
0.696302
0.696486
0.696714
0.696839
0.696927
0.696945
0.697077
0.697536
0.698063
0.698887
0.699864
0.700029
0.700122
0.700304
0.700808
0.701756
0.701862
0.703038
0.703309
0.703737
0.704036
0.704299
0.704994
0.705112
0.705142
0.705508
0.705782
0.705822
0.705881
0.706326
0.706617
0.706881
0.707041
0.707284
0.707659
0.707932
0.708092
0.708243
0.708305
0.709409
0.709492
0.70996
0.710122
0.710173
0.710464
0.710562
0.710928
0.711678
0.712496
0.712542
0.712552
0.712807
0.713115
0.714459
0.714489
0.714931
0.716017
0.7161
0.716118
0.716318
0.716882
0.716921
0.717807
0.717894
0.718208
0.718533
0.718671
0.719241
0.719532
0.719691
0.7197
0.719773
0.719977
0.71999
0.720034
0.720119
0.720211
0.720345
0.720579
0.721028
0.721499
0.721568
0.72199
0.722366
0.722415
0.722936
0.723158
0.723403
0.724139
0.724183
0.724498
0.724531
0.725197
0.725441
0.725466
0.725725
0.72579
0.726022
0.726189
0.726371
0.726725
0.726999
0.727102
0.727363
0.72763
0.727884
0.728103
0.728523
0.729195
0.729425
0.729849
0.730073
0.730267
0.730725
0.731044
0.731082
0.731378
0.73206
0.732074
0.732696
0.732821
0.732882
0.732928
0.733097
0.733174
0.733295
0.733333
0.733906
0.734427
0.734687
0.735396
0.73571
0.73611
0.736258
0.736378
0.736844
0.737615
0.737827
0.738274
0.738342
0.738558
0.738844
0.738845
0.73948
0.739481
0.739708
0.739828
0.740163
0.740275
0.740342
0.740584
0.740796
0.741149
0.741543
0.741634
0.741859
0.743109
0.743323
0.743738
0.743877
0.74391
0.743944
0.744083
0.744634
0.744657
0.744664
0.744821
0.745107
0.745617
0.745844
0.745877
0.746021
0.746735
0.746883
0.747407
0.747431
0.748565
0.748654
0.748788
0.748808
0.749362
0.750029
0.750579
0.751525
0.751747
0.752153
0.752638
0.752902
0.753443
0.753587
0.753883
0.754038
0.754454
0.754747
0.754776
0.754898
0.7549
0.754995
0.755412
0.755485
0.756096
0.756121
0.756367
0.756804
0.756998
0.75707
0.757114
0.757326
0.758058
0.758155
0.758174
0.758195
0.758682
0.759088
0.759128
0.759382
0.759713
0.760813
0.761004
0.761193
0.761674
0.762306
0.76291
0.762962
0.763211
0.763265
0.763688
0.763717
0.764385
0.764623
0.765227
0.765515
0.76552
0.76614
0.766341
0.766687
0.766879
0.767061
0.767083
0.767282
0.767375
0.767385
0.768012
0.768039
0.768765
0.769119
0.76942
0.769648
0.769791
0.769823
0.770519
0.770793
0.771162
0.771435
0.772167
0.772174
0.772311
0.772543
0.772623
0.773334
0.774062
0.774546
0.774994
0.775113
0.775588
0.775919
0.776171
0.776805
0.77718
0.778304
0.778852
0.779471
0.779765
0.780109
0.780541
0.780772
0.780827
0.780871
0.781979
0.782123
0.78233
0.782481
0.783084
0.783351
0.783974
0.784468
0.784974
0.78499
0.785016
0.785267
0.786013
0.78638
0.786507
0.786916
0.787013
0.787244
0.787253
0.787868
0.787926
0.788492
0.789549
0.789655
0.789949
0.790323
0.790518
0.790981
0.79109
0.791807
0.792045
0.792052
0.792164
0.7923
0.792761
0.793111
0.793379
0.793847
0.794694
0.795557
0.795671
0.795848
0.795857
0.79601
0.796077
0.796439
0.796627
0.796882
0.797109
0.797228
0.797388
0.797838
0.798197
0.798346
0.798592
0.799225
0.799673
0.79979
0.800012
0.800087
0.800469
0.801327
0.801375
0.801519
0.801797
0.802475
0.802533
0.802832
0.802847
0.80298
0.803032
0.803303
0.803965
0.804126
0.804742
0.805497
0.806038
0.806217
0.807747
0.808421
0.808722
0.808842
0.808927
0.809405
0.810077
0.810122
0.810426
0.810612
0.810647
0.81069
0.810762
0.810849
0.811343
0.811584
0.812353
0.81267
0.812691
0.812712
0.813183
0.813696
0.814679
0.815209
0.815471
0.817434
0.817614
0.81763
0.817857
0.818265
0.818352
0.818883
0.820492
0.82081
0.820812
0.820878
0.82101
0.82113
0.821617
0.821961
0.822262
0.822985
0.823632
0.82372
0.824099
0.824328
0.824688
0.824944
0.827227
0.828122
0.828134
0.828775
0.829379
0.829761
0.829811
0.829899
0.829924
0.830256
0.830477
0.830849
0.831585
0.83236
0.83249
0.832562
0.832757
0.833183
0.833379
0.833774
0.834266
0.834278
0.834537
0.834826
0.835033
0.835288
0.836106
0.836264
0.836693
0.837065
0.837145
0.838033
0.838643
0.838759
0.839299
0.839803
0.84048
0.841196
0.841406
0.841863
0.841958
0.842219
0.842572
0.842617
0.842901
0.842936
0.843602
0.843932
0.844046
0.844226
0.844851
0.845746
0.846917
0.847027
0.847046
0.847812
0.848496
0.849649
0.849744
0.850001
0.85033
0.851176
0.85152
0.851612
0.851651
0.851738
0.852177
0.85346
0.853966
0.854424
0.854468
0.854479
0.855409
0.855512
0.856371
0.856537
0.856619
0.856802
0.857296
0.85746
0.85809
0.858443
0.858627
0.858849
0.859504
0.859711
0.861753
0.862271
0.862315
0.862654
0.863071
0.864938
0.865455
0.86555
0.865633
0.866276
0.866457
0.866559
0.867387
0.86841
0.868965
0.868976
0.869721
0.870312
0.870406
0.870467
0.870906
0.871102
0.871564
0.871572
0.871606
0.872211
0.872533
0.872776
0.872989
0.873113
0.873524
0.873719
0.873757
0.874204
0.874926
0.875085
0.875193
0.875208
0.876497
0.876633
0.876826
0.877687
0.879111
0.879277
0.879363
0.879509
0.879674
0.880046
0.880285
0.88048
0.880631
0.880762
0.881201
0.882009
0.882682
0.883632
0.883935
0.884002
0.884149
0.884529
0.884733
0.884996
0.885636
0.885927
0.886454
0.886858
0.886891
0.887852
0.888237
0.888852
0.889414
0.891009
0.891117
0.891591
0.892214
0.892221
0.892313
0.894918
0.895062
0.896229
0.897018
0.897339
0.897836
0.898222
0.898362
0.898972
0.8991
0.899113
0.900062
0.900395
0.900517
0.900981
0.901783
0.902033
0.902093
0.902201
0.902698
0.902867
0.903077
0.90312
0.903229
0.903591
0.90399
0.904794
0.904843
0.905245
0.905436
0.905495
0.905534
0.905609
0.905831
0.90759
0.907658
0.907753
0.907801
0.90845
0.908647
0.909103
0.909903
0.910041
0.910265
0.910579
0.911143
0.91133
0.911653
0.911738
0.911749
0.911777
0.911834
0.912326
0.912878
0.914483
0.915474
0.915916
0.916513
0.917452
0.917606
0.917701
0.917828
0.918185
0.918241
0.918607
0.918955
0.918974
0.920032
0.921531
0.921861
0.922164
0.922192
0.922384
0.923065
0.923154
0.923423
0.92378
0.92459
0.924921
0.925571
0.926325
0.926448
0.926845
0.927729
0.927901
0.928096
0.928545
0.9288
0.928851
0.929197
0.929592
0.929737
0.930263
0.930574
0.930602
0.930734
0.931257
0.931464
0.931646
0.931677
0.933065
0.933308
0.933396
0.933675
0.933874
0.934188
0.934196
0.935169
0.935798
0.936841
0.937089
0.93742
0.937778
0.937947
0.938415
0.938585
0.939944
0.940615
0.941079
0.941453
0.942467
0.943105
0.943303
0.944255
0.944285
0.944347
0.945503
0.946143
0.946194
0.947754
0.948164
0.948213
0.948438
0.948621
0.948738
0.948765
0.948836
0.948856
0.948891
0.949016
0.949119
0.950037
0.950685
0.950714
0.95172
0.95256
0.952981
0.953039
0.953103
0.953841
0.954075
0.955265
0.956655
0.958435
0.958495
0.959067
0.959105
0.959627
0.959681
0.960746
0.961035
0.961952
0.961979
0.962313
0.962567
0.962772
0.962776
0.963016
0.963544
0.963776
0.965357
0.966867
0.966982
0.968199
0.968469
0.968629
0.968919
0.969549
0.969874
0.97003
0.970378
0.970816
0.971199
0.971395
0.971742
0.97199
0.972089
0.972516
0.973356
0.975089
0.976751
0.976883
0.977901
0.978359
0.978636
0.978844
0.979434
0.980357
0.981116
0.981145
0.981527
0.982159
0.98264
0.983012
0.984012
0.985106
0.985324
0.985358
0.985534
0.986422
0.986504
0.986704
0.987075
0.987266
0.987724
0.987935
0.991258
0.991902
0.992163
0.992713
0.992904
0.993207
0.99329
0.99336
0.994131
0.994514
0.994721
0.995045
0.996226
0.996509
0.997235
0.997645
0.99786
0.998031
0.998733
0.998989
0.999133
0.999646
0.999972
1.000184
1.000409
1.000559
1.000583
1.000673
1.000777
1.001025
1.001026
1.001591
1.00227
1.002539
1.003015
1.003468
1.004648
1.005316
1.005913
1.006039
1.006957
1.007102
1.007339
1.007421
1.007504
1.007614
1.007667
1.007746
1.008653
1.00899
1.010608
1.011217
1.011359
1.011923
1.012125
1.012394
1.012478
1.012701
1.013438
1.014457
1.014784
1.014955
1.015184
1.015211
1.015579
1.016172
1.016437
1.016858
1.017708
1.018124
1.018528
1.018921
1.019062
1.019324
1.020123
1.020129
1.021788
1.022287
1.022635
1.022834
1.022852
1.02323
1.023779
1.024575
1.025861
1.026693
1.026711
1.026744
1.026837
1.026959
1.027059
1.027371
1.028433
1.028498
1.029671
1.029897
1.030775
1.030794
1.031478
1.031531
1.031998
1.033004
1.034908
1.036535
1.037033
1.038194
1.038465
1.04037
1.042731
1.043619
1.045232
1.045593
1.046361
1.046495
1.046895
1.047419
1.048985
1.049694
1.050003
1.050146
1.050463
1.050837
1.051069
1.052026
1.05205
1.0525
1.053201
1.053928
1.054115
1.054259
1.055051
1.057466
1.057722
1.057858
1.05935
1.059535
1.060145
1.060199
1.060389
1.060411
1.060898
1.061
1.061129
1.061221
1.063107
1.063242
1.063718
1.065428
1.066655
1.067298
1.067654
1.068495
1.068789
1.069018
1.070039
1.07037
1.070548
1.071196
1.071524
1.071913
1.07197
1.073317
1.074017
1.075042
1.075365
1.076
1.076068
1.076536
1.077263
1.078323
1.078736
1.079179
1.079499
1.080412
1.081485
1.081898
1.08469
1.084771
1.084958
1.084979
1.085878
1.086087
1.088383
1.088658
1.089688
1.090034
1.090779
1.092485
1.094536
1.09557
1.095585
1.095938
1.096212
1.096355
1.096659
1.096891
1.098417
1.098796
1.099122
1.09918
1.099466
1.100174
1.101552
1.101979
1.102513
1.103032
1.10332
1.10358
1.106494
1.107048
1.107052
1.107732
1.107839
1.10788
1.108682
1.109236
1.110575
1.112404
1.113572
1.114598
1.114927
1.114932
1.116151
1.116241
1.116318
1.117227
1.117233
1.118732
1.12084
1.122246
1.125544
1.126228
1.126867
1.126977
1.12841
1.128463
1.129113
1.130445
1.130614
1.131547
1.131787
1.132821
1.132954
1.133027
1.13468
1.134921
1.135145
1.135428
1.137945
1.139187
1.14045
1.140639
1.142858
1.143011
1.146144
1.146226
1.147161
1.14792
1.149286
1.149472
1.150084
1.150201
1.150277
1.15073
1.152956
1.15331
1.154645
1.155083
1.155461
1.15627
1.156381
1.156983
1.156994
1.159443
1.159644
1.160725
1.16094
1.161296
1.163334
1.165011
1.166191
1.166273
1.166406
1.167047
1.167741
1.168546
1.169514
1.170412
1.170712
1.173158
1.17363
1.174583
1.177394
1.179208
1.17974
1.18091
1.18456
1.184669
1.184704
1.186154
1.186424
1.187822
1.189318
1.189728
1.192405
1.195409
1.195694
1.198597
1.199917
1.200447
1.200605
1.201642
1.202812
1.203386
1.206637
1.210299
1.211257
1.212313
1.212623
1.214234
1.214786
1.218122
1.218763
1.218864
1.221567
1.221778
1.22193
1.222178
1.222812
1.223422
1.226979
1.228232
1.228435
1.229329
1.229501
1.229842
1.231608
1.234012
1.234604
1.235701
1.238064
1.239544
1.240498
1.241015
1.241507
1.242288
1.242861
1.24391
1.24689
1.247521
1.249316
1.250529
1.250703
1.252798
1.254596
1.257051
1.259185
1.259945
1.260859
1.2626
1.262717
1.263855
1.264057
1.265031
1.266479
1.267111
1.268282
1.268434
1.269869
1.270335
1.272348
1.275707
1.275771
1.275796
1.275992
1.276027
1.276945
1.279121
1.27925
1.279617
1.280325
1.280526
1.280547
1.281007
1.282669
1.283597
1.284645
1.285047
1.28557
1.286766
1.287388
1.288515
1.290883
1.2923
1.294431
1.295717
1.296464
1.299028
1.3012
1.301591
1.302327
1.303422
1.305152
1.305722
1.306001
1.306639
1.309293
1.312812
1.316961
1.318956
1.320446
1.320679
1.320824
1.32318
1.323397
1.325389
1.326113
1.326387
1.328153
1.329533
1.33079
1.331383
1.333454
1.334523
1.335093
1.336339
1.338197
1.341335
1.341792
1.34328
1.346205
1.346529
1.347134
1.349503
1.350033
1.350508
1.355209
1.356788
1.357503
1.359799
1.360685
1.364131
1.364263
1.366894
1.367588
1.36778
1.370153
1.371911
1.373538
1.377843
1.377977
1.378649
1.380858
1.381624
1.383452
1.384095
1.384307
1.387
1.387082
1.393023
1.394114
1.394832
1.396345
1.397387
1.399383
1.401626
1.402281
1.409127
1.411015
1.412488
1.416306
1.416863
1.421146
1.425021
1.425177
1.427514
1.431624
1.431819
1.432988
1.434285
1.43541
1.436248
1.436557
1.437086
1.440013
1.443
1.446376
1.449279
1.453645
1.458274
1.463524
1.467511
1.468221
1.470318
1.471197
1.4722
1.47278
1.474155
1.475464
1.475801
1.478562
1.478622
1.48079
1.480868
1.48577
1.488151
1.492381
1.49326
1.493912
1.495098
1.498585
1.50116
1.508194
1.509506
1.521648
1.521715
1.524677
1.525744
1.529145
1.530918
1.538318
1.540106
1.551355
1.552439
1.55617
1.559461
1.570132
1.57038
1.570439
1.570581
1.579585
1.580017
1.59054
1.59418
1.594773
1.610698
1.612951
1.613514
1.616521
1.616569
1.617457
1.619573
1.620591
1.626804
1.627062
1.632911
1.640406
1.643488
1.651025
1.654705
1.65909
1.681837
1.686324
1.693869
1.699378
1.699994
1.701989
1.705647
1.706989
1.713761
1.719267
1.72236
1.725474
1.728546
1.731371
1.740908
1.744079
1.746011
1.753397
1.756368
1.756848
1.761386
1.763544
1.763858
1.765664
1.767857
1.768033
1.770864
1.771534
1.778102
1.779837
1.781094
1.789
1.795146
1.796538
1.806623
1.81255
1.819089
1.833821
1.835458
1.837003
1.858721
1.86234
1.863581
1.865625
1.869245
1.879382
1.883145
1.884669
1.893482
1.900844
1.912275
1.914794
1.927977
1.937448
1.944384
1.94585
1.957011
1.966776
1.970068
1.974758
1.975419
1.98026
1.987796
1.988477
1.992975
2.005259
2.014398
2.016487
2.016653
2.019559
2.037015
2.039682
2.04833
2.052703
2.052977
2.056887
2.064317
2.068069
2.081021
2.101747
2.107856
2.110859
2.118414
2.157915
2.158195
2.181296
2.187006
2.188265
2.189947
2.211371
2.213092
2.225266
2.240123
2.240361
2.256013
2.270052
2.297618
2.309074
2.338809
2.341165
2.347751
2.352314
2.363725
2.363863
2.370917
2.375917
2.385873
2.392524
2.433515
2.434747
2.439977
2.454948
2.457798
2.45958
2.463199
2.479982
2.485476
2.489625
2.493686
2.499304
2.5064
2.520793
2.524516
2.531469
2.545237
2.56159
2.562773
2.566861
2.613138
2.614708
2.62156
2.67639
2.681672
2.740201
2.745567
2.750972
2.752926
2.754523
2.774898
2.812979
2.826375
2.833808
2.844778
2.859597
2.895041
2.895292
2.898101
2.995782
3.004028
3.028459
3.04805
3.059293
3.06264
3.098317
3.098526
3.127524
3.15922
3.189615
3.260279
3.274626
3.278865
3.307183
3.316569
3.327999
3.330649
3.358981
3.375798
3.416438
3.458998
3.504184
3.51211
3.549095
3.552764
3.609892
3.695567
3.703574
3.726804
3.79498
3.800013
3.812354
3.855067
4.030687
4.058065
4.568523
4.900865
5.851221
6.236279
7.029153
7.770087
11.885256
13.22679
13.836888
28.007337
