locus1	NC_007605.genome	1947	2061	3	67.51	0.522821	-1.74	"BNRF1"
window1	locus1	NC_007605.genome	1947	2061	-	3	120	67.51	-43.53	-21.31	-20.43	-0.87	1.43	-1.74	0.49	-0.02	0.522821
locus2	NC_007605.genome	5713	5832	2	50.83	0.990207	-2.03	"BNRF1"
window2	locus2	NC_007605.genome	5713	5832	+	2	120	50.83	-33.59	-19.47	-22.47	3.00	1.19	-2.03	0.58	2.20	0.990207
locus3	NC_007605.genome	6575	6766	2	79.17	0.999027	-3.45	"EBER-1"
window3	locus3	NC_007605.genome	6575	6693	-	2	120	69.17	-40.55	-29.78	-29.28	-0.50	1.22	-2.05	0.73	2.44	0.993945
window4	locus3	NC_007605.genome	6613	6732	+	2	120	79.17	-50.30	-42.25	-43.25	1.00	1.13	-1.68	0.84	0.72	0.833631
window5	locus3	NC_007605.genome	6613	6732	-	2	120	79.17	-48.45	-38.40	-39.40	1.00	1.09	-3.45	0.79	3.33	0.999027
window6	locus3	NC_007605.genome	6653	6766	+	2	120	75.00	-49.85	-41.11	-42.11	1.00	1.13	-1.97	0.82	1.81	0.978395
window7	locus3	NC_007605.genome	6653	6766	-	2	120	75.00	-39.16	-33.41	-35.16	1.75	1.07	-2.13	0.85	2.32	0.992297
locus4	NC_007605.genome	7343	8031	2	77.50	0.999984	-10.65	-
window8	locus4	NC_007605.genome	7343	7462	-	2	120	59.17	-31.95	-21.86	-21.11	-0.75	1.21	-1.44	0.68	0.80	0.852804
window9	locus4	NC_007605.genome	7383	7502	+	2	120	59.17	-31.70	-21.73	-26.10	4.37	1.04	-4.20	0.69	5.36	0.999984
window10	locus4	NC_007605.genome	7383	7502	-	2	120	59.17	-41.55	-34.10	-36.97	2.87	1.15	-5.53	0.82	3.65	0.999491
window11	locus4	NC_007605.genome	7423	7542	+	2	120	68.33	-33.45	-24.45	-26.45	2.00	1.12	-4.38	0.73	4.39	0.999888
window12	locus4	NC_007605.genome	7423	7542	-	2	120	68.33	-45.55	-40.65	-39.65	-1.00	1.23	-7.15	0.89	0.98	0.894001
window13	locus4	NC_007605.genome	7462	7582	+	2	120	74.17	-32.05	-24.22	-26.47	2.25	1.09	-4.69	0.76	3.17	0.998634
window14	locus4	NC_007605.genome	7462	7582	-	2	120	74.17	-49.60	-45.45	-45.70	0.25	1.14	-8.09	0.92	0.80	0.854344
window15	locus4	NC_007605.genome	7502	7622	+	2	120	75.83	-40.90	-36.46	-38.46	2.00	1.06	-7.09	0.89	0.85	0.866335
window16	locus4	NC_007605.genome	7502	7622	-	2	120	75.83	-54.80	-53.10	-54.60	1.50	1.10	-9.91	0.97	0.79	0.851788
window17	locus4	NC_007605.genome	7542	7662	+	2	120	75.83	-33.90	-29.07	-31.32	2.25	1.03	-5.12	0.86	2.50	0.994641
window18	locus4	NC_007605.genome	7542	7662	-	2	120	75.83	-48.10	-44.16	-45.91	1.75	1.08	-7.97	0.92	0.83	0.862176
window19	locus4	NC_007605.genome	7582	7702	+	2	120	70.00	-32.40	-25.52	-25.52	-0.00	1.04	-4.26	0.79	4.37	0.999883
window20	locus4	NC_007605.genome	7582	7702	-	2	120	70.00	-44.80	-40.60	-41.60	1.00	1.03	-7.27	0.91	0.89	0.875781
window21	locus4	NC_007605.genome	7622	7740	+	2	120	66.67	-45.25	-38.62	-43.12	4.50	1.10	-7.96	0.85	0.61	0.797754
window22	locus4	NC_007605.genome	7622	7740	-	2	120	66.67	-50.80	-42.45	-43.45	1.00	1.12	-9.51	0.84	0.31	0.683568
window23	locus4	NC_007605.genome	7662	7780	+	2	120	70.83	-43.65	-33.77	-34.52	0.75	1.07	-8.05	0.77	0.24	0.649878
window24	locus4	NC_007605.genome	7662	7780	-	2	120	70.83	-50.95	-43.65	-46.15	2.50	1.16	-9.37	0.86	0.51	0.763011
window25	locus4	NC_007605.genome	7702	7820	+	2	120	74.17	-42.19	-31.32	-36.07	4.75	1.03	-7.69	0.74	0.19	0.626894
window26	locus4	NC_007605.genome	7702	7820	-	2	120	74.17	-52.75	-43.05	-48.05	5.00	1.13	-9.12	0.82	0.46	0.746142
window27	locus4	NC_007605.genome	7740	7860	+	2	120	75.83	-37.35	-28.90	-34.15	5.25	1.07	-6.57	0.77	0.87	0.870157
window28	locus4	NC_007605.genome	7740	7860	-	2	120	75.83	-57.55	-50.24	-53.99	3.75	1.09	-10.65	0.87	0.41	0.726424
window29	locus4	NC_007605.genome	7780	7900	+	2	120	77.50	-34.60	-28.31	-28.56	0.25	1.06	-4.82	0.82	2.86	0.997464
window30	locus4	NC_007605.genome	7780	7900	-	2	120	77.50	-48.20	-42.40	-44.15	1.75	1.03	-7.66	0.88	0.78	0.849672
window31	locus4	NC_007605.genome	7820	7940	+	2	120	75.83	-37.35	-32.46	-33.21	0.75	1.03	-5.65	0.87	1.85	0.979847
window32	locus4	NC_007605.genome	7820	7940	-	2	120	75.83	-47.85	-45.65	-46.65	1.00	1.06	-7.98	0.95	0.92	0.881028
window33	locus4	NC_007605.genome	7860	7980	+	2	120	73.33	-37.75	-34.30	-39.55	5.25	1.07	-5.50	0.91	2.08	0.987441
window34	locus4	NC_007605.genome	7860	7980	-	2	120	73.33	-55.70	-53.14	-54.14	1.00	1.15	-9.65	0.95	0.79	0.850263
window35	locus4	NC_007605.genome	7900	8020	+	2	120	71.67	-44.10	-33.05	-37.55	4.50	1.05	-7.54	0.75	0.23	0.643185
window36	locus4	NC_007605.genome	7900	8020	-	2	120	71.67	-56.15	-50.90	-51.15	0.25	1.20	-10.34	0.91	0.49	0.755854
window37	locus4	NC_007605.genome	7911	8031	+	2	120	72.50	-47.95	-42.95	-46.95	4.00	1.07	-8.76	0.90	0.71	0.829521
window38	locus4	NC_007605.genome	7911	8031	-	2	120	72.50	-57.30	-55.30	-55.05	-0.25	1.21	-10.16	0.97	0.66	0.813646
locus5	NC_007605.genome	8951	9069	2	55.00	0.996224	-2.34	-
window39	locus5	NC_007605.genome	8951	9069	+	2	120	55.00	-35.05	-19.83	-19.83	0.00	1.29	-1.90	0.57	0.94	0.886902
window40	locus5	NC_007605.genome	8951	9069	-	2	120	55.00	-35.88	-21.41	-22.66	1.25	1.18	-2.34	0.60	2.67	0.996224
locus6	NC_007605.genome	9109	9226	2	53.33	0.999215	-2.36	-
window41	locus6	NC_007605.genome	9109	9226	+	2	120	53.33	-40.31	-25.36	-25.86	0.50	1.33	-2.36	0.63	3.44	0.999215
window42	locus6	NC_007605.genome	9109	9226	-	2	120	53.33	-37.45	-22.15	-22.15	0.00	1.27	-1.41	0.59	0.41	0.724881
locus7	NC_007605.genome	9652	9754	2	60.83	0.694714	-1.37	"BCRF1"
window43	locus7	NC_007605.genome	9652	9754	+	2	120	60.83	-42.15	-28.77	-30.02	1.25	1.20	-1.37	0.68	0.34	0.694714
locus8	NC_007605.genome	9874	9994	2	85.83	0.663130	-1.53	"BCRF1"
window44	locus8	NC_007605.genome	9874	9994	-	2	120	85.83	-40.90	-35.75	-36.00	0.25	1.10	-1.53	0.87	0.27	0.663130
locus9	NC_007605.genome	10154	10346	2	85.00	0.997454	-2.46	"BCRF1"
window45	locus9	NC_007605.genome	10154	10267	+	2	120	72.50	-24.36	-17.30	-19.55	2.25	1.12	-2.11	0.71	1.89	0.981486
window46	locus9	NC_007605.genome	10154	10267	-	2	120	72.50	-34.85	-25.85	-26.35	0.50	1.19	-2.46	0.74	2.86	0.997454
window47	locus9	NC_007605.genome	10227	10346	+	2	120	85.00	-24.20	-19.75	-20.00	0.25	1.07	-1.87	0.82	0.74	0.838133
locus10	NC_007605.genome	11081	11587	2	80.83	0.999987	-4.27	"EBNA-1"
window48	locus10	NC_007605.genome	11081	11200	+	2	120	58.33	-44.20	-22.90	-23.15	0.25	1.30	-3.17	0.52	2.08	0.987407
window49	locus10	NC_007605.genome	11121	11240	+	2	120	68.33	-42.30	-23.95	-23.20	-0.75	1.33	-1.98	0.57	0.05	0.557985
window50	locus10	NC_007605.genome	11240	11359	+	2	120	80.00	-41.90	-31.95	-34.70	2.75	1.09	-3.15	0.76	2.98	0.998016
window51	locus10	NC_007605.genome	11280	11399	+	2	120	78.33	-42.15	-35.85	-36.85	1.00	1.15	-2.67	0.85	2.69	0.996368
window52	locus10	NC_007605.genome	11359	11477	+	2	120	77.50	-21.90	-20.00	-18.75	-1.25	1.29	-1.81	0.91	1.84	0.979444
window53	locus10	NC_007605.genome	11399	11517	+	2	120	80.83	-30.30	-26.75	-26.75	0.00	1.12	-3.01	0.88	3.10	0.998434
window54	locus10	NC_007605.genome	11399	11517	-	2	120	80.83	-40.53	-32.40	-33.15	0.75	1.11	-2.18	0.80	1.45	0.954815
window55	locus10	NC_007605.genome	11439	11555	+	2	120	70.00	-35.06	-29.80	-29.05	-0.75	1.30	-4.13	0.85	4.45	0.999900
window56	locus10	NC_007605.genome	11439	11555	-	2	120	70.00	-38.25	-31.40	-30.40	-1.00	1.22	-3.56	0.82	4.80	0.999951
window57	locus10	NC_007605.genome	11477	11587	+	2	120	60.00	-36.70	-34.30	-33.80	-0.50	1.25	-3.63	0.93	5.43	0.999987
window58	locus10	NC_007605.genome	11477	11587	-	2	120	60.00	-33.60	-31.00	-32.25	1.25	1.20	-4.27	0.92	5.04	0.999970
locus11	NC_007605.genome	12248	12367	2	88.33	0.658444	-1.69	"EBNA-2"
window59	locus11	NC_007605.genome	12248	12367	+	2	120	88.33	-54.50	-46.47	-46.72	0.25	1.03	-1.63	0.85	0.23	0.644535
window60	locus11	NC_007605.genome	12248	12367	-	2	120	88.33	-53.15	-44.05	-44.80	0.75	1.03	-1.69	0.83	0.26	0.658444
locus12	NC_007605.genome	12523	12681	2	89.17	0.999701	-4.52	"EBNA-2"
window61	locus12	NC_007605.genome	12523	12642	+	2	120	88.33	-69.00	-65.47	-65.97	0.50	1.05	-3.46	0.95	3.91	0.999701
window62	locus12	NC_007605.genome	12523	12642	-	2	120	88.33	-60.66	-54.44	-55.57	1.13	1.05	-4.52	0.90	3.54	0.999356
window63	locus12	NC_007605.genome	12563	12681	+	2	120	89.17	-68.20	-63.77	-64.27	0.50	1.10	-3.14	0.94	3.56	0.999381
window64	locus12	NC_007605.genome	12563	12681	-	2	120	89.17	-70.85	-62.96	-64.21	1.25	1.07	-3.71	0.89	3.66	0.999502
locus13	NC_007605.genome	12800	13037	2	91.67	0.998750	-3.39	"BWRF1"
window65	locus13	NC_007605.genome	12800	12919	+	2	120	86.67	-50.65	-44.05	-44.05	0.00	1.16	-1.83	0.87	0.85	0.867346
window66	locus13	NC_007605.genome	12800	12919	-	2	120	86.67	-58.40	-43.85	-47.60	3.75	1.08	-1.61	0.75	0.05	0.558854
window67	locus13	NC_007605.genome	12839	12959	+	2	120	90.83	-55.40	-47.85	-47.85	0.00	1.05	-2.23	0.86	1.32	0.941306
window68	locus13	NC_007605.genome	12839	12959	-	2	120	90.83	-64.75	-59.75	-60.00	0.25	1.03	-1.94	0.92	1.20	0.929072
window69	locus13	NC_007605.genome	12879	12997	+	2	120	90.83	-60.30	-48.10	-51.35	3.25	1.02	-3.29	0.80	2.77	0.996945
window70	locus13	NC_007605.genome	12879	12997	-	2	120	90.83	-67.00	-55.50	-57.75	2.25	1.05	-3.35	0.83	2.96	0.997927
window71	locus13	NC_007605.genome	12919	13037	+	2	120	91.67	-64.60	-57.60	-57.85	0.25	1.03	-3.39	0.89	3.21	0.998750
window72	locus13	NC_007605.genome	12919	13037	-	2	120	91.67	-65.36	-57.20	-58.20	1.00	1.00	-2.64	0.88	2.09	0.987771
locus14	NC_007605.genome	13076	13275	2	80.83	0.999942	-2.88	"BWRF1"
window73	locus14	NC_007605.genome	13076	13196	+	2	120	80.83	-52.56	-41.90	-42.65	0.75	1.11	-2.33	0.80	1.72	0.973973
window74	locus14	NC_007605.genome	13076	13196	-	2	120	80.83	-66.85	-52.30	-52.55	0.25	1.15	-2.64	0.78	2.26	0.991342
window75	locus14	NC_007605.genome	13156	13275	+	2	120	67.50	-39.95	-30.41	-29.66	-0.75	1.31	-2.88	0.76	4.71	0.999942
window76	locus14	NC_007605.genome	13156	13275	-	2	120	67.50	-54.15	-39.70	-42.45	2.75	1.17	-2.74	0.73	4.28	0.999860
locus15	NC_007605.genome	13631	13847	3	72.75	0.999908	-3.46	"BWRF1"
window77	locus15	NC_007605.genome	13631	13739	-	3	120	68.77	-53.37	-26.51	-26.20	-0.31	1.32	-2.66	0.50	2.75	0.996792
window78	locus15	NC_007605.genome	13662	13779	-	3	120	72.75	-57.27	-31.89	-33.47	1.57	1.25	-3.46	0.56	4.49	0.999908
window79	locus15	NC_007605.genome	13739	13847	-	3	120	56.77	-54.10	-22.33	-23.23	0.91	1.36	-2.30	0.41	1.74	0.974732
locus16	NC_007605.genome	14025	14195	2	81.31	0.973658	-2.33	-
window80	locus16	NC_007605.genome	14025	14131	+	2	107	81.31	-30.40	-25.25	-25.00	-0.25	1.12	-1.65	0.83	0.46	0.746094
window81	locus16	NC_007605.genome	14091	14195	+	2	104	79.81	-39.90	-30.70	-29.95	-0.75	1.14	-2.33	0.77	1.72	0.973658
locus17	NC_007605.genome	14353	14472	2	80.83	0.892425	-2.10	"EBNA-LP"
window82	locus17	NC_007605.genome	14353	14472	+	2	120	80.83	-41.25	-28.35	-30.85	2.50	1.06	-2.10	0.69	0.97	0.892425
window83	locus17	NC_007605.genome	14353	14472	-	2	120	80.83	-48.05	-35.80	-36.55	0.75	1.13	-1.59	0.75	0.13	0.597647
locus18	NC_007605.genome	14544	14704	2	89.17	0.906329	-1.94	"EBNA-LP"
window84	locus18	NC_007605.genome	14544	14664	+	2	120	87.50	-42.00	-34.45	-34.20	-0.25	1.04	-1.60	0.82	0.12	0.591228
window85	locus18	NC_007605.genome	14584	14704	+	2	120	89.17	-33.95	-30.06	-29.31	-0.75	1.12	-1.94	0.89	1.05	0.906329
locus19	NC_007605.genome	14861	15108	2	84.17	0.974738	-2.24	"EBNA-LP"
window86	locus19	NC_007605.genome	14861	14981	+	2	120	84.17	-44.75	-38.25	-36.50	-1.75	1.20	-1.66	0.85	0.49	0.756556
window87	locus19	NC_007605.genome	14901	15021	+	2	120	84.17	-50.75	-42.45	-41.95	-0.50	1.10	-1.62	0.84	0.32	0.687608
window88	locus19	NC_007605.genome	14941	15061	+	2	120	79.17	-35.35	-31.10	-30.85	-0.25	1.08	-1.34	0.88	0.37	0.710425
window89	locus19	NC_007605.genome	14941	15061	-	2	120	79.17	-50.45	-41.30	-41.80	0.50	1.10	-2.24	0.82	1.74	0.974738
window90	locus19	NC_007605.genome	14981	15101	-	2	120	77.50	-56.55	-41.05	-41.80	0.75	1.06	-1.84	0.73	0.75	0.840127
window91	locus19	NC_007605.genome	14988	15108	-	2	120	78.33	-55.85	-42.15	-44.65	2.50	1.08	-1.66	0.75	0.40	0.722808
locus20	NC_007605.genome	15320	15439	2	88.33	0.658444	-1.69	"EBNA-LP"
window92	locus20	NC_007605.genome	15320	15439	+	2	120	88.33	-54.50	-46.47	-46.72	0.25	1.03	-1.63	0.85	0.23	0.644535
window93	locus20	NC_007605.genome	15320	15439	-	2	120	88.33	-53.15	-44.05	-44.80	0.75	1.03	-1.69	0.83	0.26	0.658444
locus21	NC_007605.genome	15595	15753	2	89.17	0.999701	-4.52	"EBNA-LP"
window94	locus21	NC_007605.genome	15595	15714	+	2	120	88.33	-69.00	-65.47	-65.97	0.50	1.05	-3.46	0.95	3.91	0.999701
window95	locus21	NC_007605.genome	15595	15714	-	2	120	88.33	-60.66	-54.44	-55.57	1.13	1.05	-4.52	0.90	3.54	0.999356
window96	locus21	NC_007605.genome	15635	15753	+	2	120	89.17	-68.20	-63.77	-64.27	0.50	1.10	-3.14	0.94	3.56	0.999381
window97	locus21	NC_007605.genome	15635	15753	-	2	120	89.17	-70.85	-62.96	-64.21	1.25	1.07	-3.71	0.89	3.66	0.999502
locus22	NC_007605.genome	15872	16109	2	91.67	0.998750	-3.39	"BWRF1"
window98	locus22	NC_007605.genome	15872	15991	+	2	120	86.67	-50.65	-44.05	-44.05	0.00	1.16	-1.83	0.87	0.85	0.867346
window99	locus22	NC_007605.genome	15872	15991	-	2	120	86.67	-58.40	-43.85	-47.60	3.75	1.08	-1.61	0.75	0.05	0.558854
window100	locus22	NC_007605.genome	15911	16031	+	2	120	90.83	-55.40	-47.85	-47.85	0.00	1.05	-2.23	0.86	1.32	0.941306
window101	locus22	NC_007605.genome	15911	16031	-	2	120	90.83	-64.75	-59.75	-60.00	0.25	1.03	-1.94	0.92	1.20	0.929072
window102	locus22	NC_007605.genome	15951	16069	+	2	120	90.83	-60.30	-48.10	-51.35	3.25	1.02	-3.29	0.80	2.77	0.996945
window103	locus22	NC_007605.genome	15951	16069	-	2	120	90.83	-67.00	-55.50	-57.75	2.25	1.05	-3.35	0.83	2.96	0.997927
window104	locus22	NC_007605.genome	15991	16109	+	2	120	91.67	-64.60	-57.60	-57.85	0.25	1.03	-3.39	0.89	3.21	0.998750
window105	locus22	NC_007605.genome	15991	16109	-	2	120	91.67	-65.36	-57.20	-58.20	1.00	1.00	-2.64	0.88	2.09	0.987771
locus23	NC_007605.genome	16148	16347	2	80.83	0.999942	-2.88	"BWRF1"
window106	locus23	NC_007605.genome	16148	16268	+	2	120	80.83	-52.56	-41.90	-42.65	0.75	1.11	-2.33	0.80	1.72	0.973973
window107	locus23	NC_007605.genome	16148	16268	-	2	120	80.83	-66.85	-52.30	-52.55	0.25	1.15	-2.64	0.78	2.26	0.991342
window108	locus23	NC_007605.genome	16228	16347	+	2	120	67.50	-39.95	-30.41	-29.66	-0.75	1.31	-2.88	0.76	4.71	0.999942
window109	locus23	NC_007605.genome	16228	16347	-	2	120	67.50	-54.15	-39.70	-42.45	2.75	1.17	-2.74	0.73	4.28	0.999860
locus24	NC_007605.genome	16686	16925	2	89.17	0.978513	-2.46	"BWRF1"
window110	locus24	NC_007605.genome	16686	16805	+	2	120	86.67	-45.98	-36.10	-38.85	2.75	1.07	-2.46	0.79	1.82	0.978513
window111	locus24	NC_007605.genome	16686	16805	-	2	120	86.67	-57.40	-46.15	-48.90	2.75	1.08	-2.31	0.80	1.58	0.965196
window112	locus24	NC_007605.genome	16725	16845	-	2	120	89.17	-54.91	-47.45	-48.45	1.00	1.06	-1.89	0.86	0.79	0.851332
window113	locus24	NC_007605.genome	16805	16925	-	2	120	82.50	-62.95	-49.15	-51.65	2.50	1.05	-2.01	0.78	0.99	0.895132
locus25	NC_007605.genome	17125	17283	2	78.33	0.969985	-2.17	-
window114	locus25	NC_007605.genome	17125	17244	+	2	120	78.33	-41.75	-29.10	-27.85	-1.25	1.16	-1.75	0.70	0.42	0.727768
window115	locus25	NC_007605.genome	17164	17283	+	2	120	77.50	-45.85	-36.05	-34.80	-1.25	1.15	-2.17	0.79	1.65	0.969985
locus26	NC_007605.genome	17402	17592	2	85.83	0.996828	-3.24	-
window116	locus26	NC_007605.genome	17402	17520	+	2	120	85.83	-44.90	-37.39	-38.39	1.00	1.06	-1.96	0.83	0.98	0.893317
window117	locus26	NC_007605.genome	17441	17559	+	2	120	81.67	-39.35	-26.80	-26.80	0.00	1.16	-3.24	0.68	2.75	0.996828
window118	locus26	NC_007605.genome	17441	17559	-	2	120	81.67	-46.60	-31.52	-32.52	1.00	1.12	-2.14	0.68	0.97	0.892621
window119	locus26	NC_007605.genome	17481	17592	+	2	120	79.17	-31.58	-23.18	-25.18	2.00	1.08	-1.55	0.73	0.09	0.576472
locus27	NC_007605.genome	17949	18508	2	89.17	0.999944	-3.32	-
window120	locus27	NC_007605.genome	17949	18069	+	2	120	84.17	-46.25	-40.15	-39.90	-0.25	1.11	-2.17	0.87	1.64	0.969145
window121	locus27	NC_007605.genome	18029	18149	-	2	120	78.33	-49.90	-40.85	-41.10	0.25	1.15	-1.78	0.82	0.89	0.876204
window122	locus27	NC_007605.genome	18069	18189	-	2	120	78.33	-55.75	-42.90	-45.40	2.50	1.10	-1.79	0.77	0.71	0.829991
window123	locus27	NC_007605.genome	18109	18229	+	2	120	70.83	-40.70	-30.80	-30.55	-0.25	1.18	-2.63	0.76	3.62	0.999458
window124	locus27	NC_007605.genome	18109	18229	-	2	120	70.83	-50.05	-35.20	-34.45	-0.75	1.16	-1.97	0.70	1.72	0.973939
window125	locus27	NC_007605.genome	18149	18269	+	2	120	70.00	-36.25	-28.83	-28.33	-0.50	1.20	-3.32	0.80	4.73	0.999944
window126	locus27	NC_007605.genome	18149	18269	-	2	120	70.00	-45.35	-32.98	-31.98	-1.00	1.17	-2.41	0.73	3.14	0.998543
window127	locus27	NC_007605.genome	18269	18389	-	2	120	70.00	-56.00	-47.30	-45.05	-2.25	1.34	-2.43	0.84	3.89	0.999687
window128	locus27	NC_007605.genome	18309	18429	-	2	120	84.17	-52.65	-46.10	-46.35	0.25	1.08	-1.34	0.88	-0.04	0.514924
window129	locus27	NC_007605.genome	18389	18508	+	2	120	89.17	-54.95	-46.22	-46.47	0.25	1.03	-1.58	0.84	0.03	0.548211
locus28	NC_007605.genome	18664	18822	2	89.17	0.999602	-4.16	"BWRF1"
window130	locus28	NC_007605.genome	18664	18784	+	2	120	89.17	-70.60	-64.25	-65.00	0.75	1.07	-3.87	0.91	3.77	0.999602
window131	locus28	NC_007605.genome	18664	18784	-	2	120	89.17	-58.45	-51.96	-53.96	2.00	1.05	-4.16	0.89	3.67	0.999512
window132	locus28	NC_007605.genome	18704	18822	+	2	120	89.17	-64.50	-60.62	-60.62	0.00	1.11	-2.06	0.94	1.79	0.977209
window133	locus28	NC_007605.genome	18704	18822	-	2	120	89.17	-70.00	-61.31	-62.56	1.25	1.07	-3.09	0.88	3.10	0.998443
locus29	NC_007605.genome	18941	19416	2	91.67	0.999929	-3.90	"BWRF1"
window134	locus29	NC_007605.genome	18941	19060	+	2	120	86.67	-49.50	-41.90	-41.90	-0.00	1.15	-1.53	0.85	0.11	0.586525
window135	locus29	NC_007605.genome	18980	19100	+	2	120	90.83	-56.75	-49.95	-50.70	0.75	1.03	-2.69	0.88	2.33	0.992484
window136	locus29	NC_007605.genome	19020	19138	+	2	120	90.83	-60.25	-50.40	-52.90	2.50	1.00	-3.90	0.84	3.36	0.999079
window137	locus29	NC_007605.genome	19020	19138	-	2	120	90.83	-66.31	-54.80	-57.05	2.25	1.05	-3.17	0.83	2.75	0.996808
window138	locus29	NC_007605.genome	19060	19178	+	2	120	91.67	-61.55	-54.55	-54.80	0.25	1.03	-2.37	0.89	1.65	0.970094
window139	locus29	NC_007605.genome	19060	19178	-	2	120	91.67	-63.61	-56.00	-57.25	1.25	1.02	-1.80	0.88	0.43	0.733835
window140	locus29	NC_007605.genome	19178	19297	-	2	120	79.17	-63.00	-49.20	-50.70	1.50	1.15	-1.53	0.78	0.16	0.614588
window141	locus29	NC_007605.genome	19217	19337	+	2	120	80.00	-52.51	-41.90	-42.65	0.75	1.11	-2.22	0.80	1.56	0.963855
window142	locus29	NC_007605.genome	19217	19337	-	2	120	80.00	-68.35	-53.55	-54.30	0.75	1.14	-3.01	0.78	2.86	0.997443
window143	locus29	NC_007605.genome	19297	19416	+	2	120	68.33	-39.95	-30.41	-29.66	-0.75	1.31	-2.92	0.76	4.62	0.999929
window144	locus29	NC_007605.genome	19297	19416	-	2	120	68.33	-54.15	-39.70	-42.45	2.75	1.17	-2.82	0.73	4.28	0.999858
locus30	NC_007605.genome	19755	19874	2	85.00	0.995989	-2.94	"BWRF1"
window145	locus30	NC_007605.genome	19755	19874	+	2	120	85.00	-48.73	-36.85	-39.60	2.75	1.06	-2.94	0.76	2.64	0.995989
window146	locus30	NC_007605.genome	19755	19874	-	2	120	85.00	-58.05	-46.10	-48.10	2.00	1.12	-2.25	0.79	1.48	0.957375
locus31	NC_007605.genome	20194	20352	2	78.33	0.902077	-1.99	-
window147	locus31	NC_007605.genome	20194	20313	+	2	120	78.33	-42.90	-31.45	-29.95	-1.50	1.20	-1.99	0.73	1.02	0.902077
window148	locus31	NC_007605.genome	20233	20352	+	2	120	78.33	-41.80	-32.00	-31.25	-0.75	1.11	-1.49	0.77	0.08	0.573271
locus32	NC_007605.genome	20471	20628	2	88.33	0.991400	-2.81	-
window149	locus32	NC_007605.genome	20471	20589	+	2	120	88.33	-47.40	-39.89	-40.89	1.00	1.06	-2.55	0.84	2.11	0.988251
window150	locus32	NC_007605.genome	20510	20628	+	2	120	80.83	-38.60	-26.80	-26.80	0.00	1.16	-2.81	0.69	2.27	0.991400
window151	locus32	NC_007605.genome	20510	20628	-	2	120	80.83	-46.00	-31.35	-31.10	-0.25	1.14	-1.80	0.68	0.38	0.712214
locus33	NC_007605.genome	21018	21577	2	90.83	0.999597	-2.70	-
window152	locus33	NC_007605.genome	21018	21138	+	2	120	84.17	-44.40	-40.15	-39.90	-0.25	1.11	-1.78	0.90	1.11	0.916211
window153	locus33	NC_007605.genome	21098	21218	-	2	120	77.50	-53.20	-42.15	-41.90	-0.25	1.18	-2.70	0.79	2.63	0.995919
window154	locus33	NC_007605.genome	21138	21258	-	2	120	79.17	-55.20	-41.65	-44.40	2.75	1.05	-1.61	0.75	0.24	0.649859
window155	locus33	NC_007605.genome	21178	21298	+	2	120	73.33	-43.40	-33.50	-33.25	-0.25	1.15	-2.30	0.77	2.54	0.995082
window156	locus33	NC_007605.genome	21178	21298	-	2	120	73.33	-53.95	-37.55	-37.30	-0.25	1.16	-2.10	0.70	1.63	0.968423
window157	locus33	NC_007605.genome	21218	21338	+	2	120	70.00	-37.45	-29.68	-29.18	-0.50	1.17	-2.51	0.79	3.77	0.999597
window158	locus33	NC_007605.genome	21218	21338	-	2	120	70.00	-49.45	-35.60	-35.85	0.25	1.17	-2.33	0.72	2.88	0.997533
window159	locus33	NC_007605.genome	21338	21458	-	2	120	70.00	-52.75	-40.40	-38.40	-2.00	1.34	-2.11	0.77	2.72	0.996588
window160	locus33	NC_007605.genome	21378	21498	+	2	120	83.33	-37.66	-31.10	-33.10	2.00	1.00	-1.44	0.83	-0.05	0.507262
window161	locus33	NC_007605.genome	21418	21538	-	2	120	90.83	-55.35	-54.75	-53.75	-1.00	1.12	-2.29	0.99	2.73	0.996647
window162	locus33	NC_007605.genome	21458	21577	+	2	120	89.17	-56.00	-47.27	-48.52	1.25	1.03	-2.17	0.84	1.27	0.938844
window163	locus33	NC_007605.genome	21458	21577	-	2	120	89.17	-54.75	-49.95	-50.95	1.00	1.06	-2.49	0.91	2.39	0.993391
locus34	NC_007605.genome	21733	21891	2	89.17	0.999543	-3.81	"BWRF1"
window164	locus34	NC_007605.genome	21733	21853	+	2	120	88.33	-68.66	-58.95	-60.45	1.50	1.05	-3.22	0.86	3.24	0.998820
window165	locus34	NC_007605.genome	21733	21853	-	2	120	88.33	-59.36	-52.16	-54.16	2.00	1.05	-3.81	0.88	3.70	0.999543
window166	locus34	NC_007605.genome	21773	21891	+	2	120	89.17	-66.95	-61.77	-61.52	-0.25	1.09	-2.73	0.92	2.92	0.997734
window167	locus34	NC_007605.genome	21773	21891	-	2	120	89.17	-71.15	-63.56	-64.81	1.25	1.07	-3.30	0.89	3.43	0.999202
locus35	NC_007605.genome	22050	22207	2	90.00	0.999326	-3.61	"BWRF1"
window168	locus35	NC_007605.genome	22050	22169	+	2	120	89.17	-59.20	-50.05	-50.80	0.75	1.03	-3.40	0.85	3.30	0.998961
window169	locus35	NC_007605.genome	22050	22169	-	2	120	89.17	-63.85	-55.90	-57.65	1.75	1.07	-2.11	0.88	1.34	0.944233
window170	locus35	NC_007605.genome	22089	22207	+	2	120	90.00	-59.75	-52.60	-54.10	1.50	1.03	-3.61	0.88	3.51	0.999326
window171	locus35	NC_007605.genome	22089	22207	-	2	120	90.00	-65.41	-55.65	-56.40	0.75	1.05	-2.61	0.85	2.10	0.988075
locus36	NC_007605.genome	22247	22486	2	80.00	0.999919	-3.23	"BWRF1"
window172	locus36	NC_007605.genome	22247	22366	-	2	120	79.17	-65.50	-49.50	-51.50	2.00	1.15	-1.70	0.76	0.43	0.733672
window173	locus36	NC_007605.genome	22286	22406	+	2	120	80.00	-52.51	-41.90	-42.65	0.75	1.11	-2.67	0.80	2.38	0.993246
window174	locus36	NC_007605.genome	22286	22406	-	2	120	80.00	-64.55	-52.30	-52.55	0.25	1.15	-2.52	0.81	2.17	0.989451
window175	locus36	NC_007605.genome	22366	22486	+	2	120	70.00	-39.95	-30.41	-29.66	-0.75	1.31	-3.20	0.76	4.55	0.999919
window176	locus36	NC_007605.genome	22366	22486	-	2	120	70.00	-54.10	-39.70	-42.45	2.75	1.17	-3.23	0.73	4.42	0.999895
locus37	NC_007605.genome	22824	22943	2	84.17	0.998950	-3.43	"BWRF1"
window177	locus37	NC_007605.genome	22824	22943	+	2	120	84.17	-50.53	-39.05	-42.80	3.75	1.06	-3.43	0.77	3.30	0.998950
window178	locus37	NC_007605.genome	22824	22943	-	2	120	84.17	-59.20	-47.35	-49.85	2.50	1.08	-2.60	0.80	2.18	0.989839
locus38	NC_007605.genome	23263	23422	2	80.00	0.895134	-1.98	-
window179	locus38	NC_007605.genome	23263	23382	+	2	120	80.00	-41.00	-31.45	-29.95	-1.50	1.20	-1.98	0.77	0.99	0.895134
window180	locus38	NC_007605.genome	23302	23422	+	2	120	79.17	-43.20	-34.00	-33.25	-0.75	1.11	-1.90	0.79	0.92	0.882415
locus39	NC_007605.genome	23540	23697	2	88.33	0.992681	-2.45	-
window181	locus39	NC_007605.genome	23540	23658	+	2	120	88.33	-46.71	-42.40	-42.90	0.50	1.11	-2.45	0.91	2.34	0.992681
window182	locus39	NC_007605.genome	23579	23697	+	2	120	80.00	-38.60	-26.80	-26.80	0.00	1.16	-2.39	0.69	1.57	0.965009
locus40	NC_007605.genome	24087	24646	2	90.00	0.999881	-3.18	-
window183	locus40	NC_007605.genome	24087	24207	+	2	120	83.33	-45.15	-39.75	-39.50	-0.25	1.11	-1.39	0.88	0.14	0.604939
window184	locus40	NC_007605.genome	24167	24287	-	2	120	77.50	-55.60	-41.80	-41.30	-0.50	1.12	-2.84	0.75	2.74	0.996759
window185	locus40	NC_007605.genome	24207	24327	-	2	120	78.33	-54.35	-41.65	-44.40	2.75	1.05	-2.25	0.77	1.65	0.970196
window186	locus40	NC_007605.genome	24247	24367	+	2	120	75.00	-43.70	-33.80	-33.55	-0.25	1.15	-2.44	0.77	2.51	0.994742
window187	locus40	NC_007605.genome	24247	24367	-	2	120	75.00	-54.95	-38.25	-38.00	-0.25	1.16	-2.52	0.70	2.28	0.991728
window188	locus40	NC_007605.genome	24287	24407	+	2	120	70.00	-37.15	-30.48	-29.98	-0.50	1.17	-2.73	0.82	4.25	0.999851
window189	locus40	NC_007605.genome	24287	24407	-	2	120	70.00	-51.10	-37.30	-37.55	0.25	1.17	-3.18	0.73	4.36	0.999881
window190	locus40	NC_007605.genome	24407	24527	-	2	120	70.00	-53.35	-39.40	-37.65	-1.75	1.34	-2.53	0.74	3.46	0.999255
window191	locus40	NC_007605.genome	24447	24567	-	2	120	82.50	-56.70	-47.15	-46.90	-0.25	1.17	-2.30	0.83	1.74	0.975205
window192	locus40	NC_007605.genome	24487	24607	+	2	120	90.00	-46.45	-42.40	-44.40	2.00	1.00	-1.48	0.91	0.16	0.614378
window193	locus40	NC_007605.genome	24487	24607	-	2	120	90.00	-54.90	-53.30	-52.55	-0.75	1.10	-1.92	0.97	1.78	0.977066
window194	locus40	NC_007605.genome	24527	24646	+	2	120	88.33	-53.35	-44.80	-45.55	0.75	1.03	-2.17	0.84	1.32	0.942231
window195	locus40	NC_007605.genome	24527	24646	-	2	120	88.33	-51.80	-43.95	-44.70	0.75	1.03	-2.00	0.85	1.00	0.898694
locus41	NC_007605.genome	24802	24960	2	88.33	0.999568	-3.44	"BWRF1"
window196	locus41	NC_007605.genome	24802	24922	+	2	120	88.33	-66.85	-59.20	-59.45	0.25	1.08	-2.91	0.89	2.97	0.997957
window197	locus41	NC_007605.genome	24802	24922	-	2	120	88.33	-55.40	-48.20	-48.95	0.75	1.08	-3.22	0.87	3.29	0.998931
window198	locus41	NC_007605.genome	24842	24960	+	2	120	88.33	-70.70	-65.07	-64.57	-0.50	1.11	-3.44	0.92	3.73	0.999568
window199	locus41	NC_007605.genome	24842	24960	-	2	120	88.33	-67.60	-59.36	-60.61	1.25	1.07	-3.01	0.88	3.07	0.998345
locus42	NC_007605.genome	25119	25276	2	90.00	0.998879	-3.24	"BWRF1"
window200	locus42	NC_007605.genome	25119	25238	+	2	120	88.33	-58.20	-50.05	-50.80	0.75	1.03	-3.24	0.86	3.26	0.998879
window201	locus42	NC_007605.genome	25119	25238	-	2	120	88.33	-63.15	-56.35	-59.10	2.75	1.07	-1.99	0.89	1.26	0.936909
window202	locus42	NC_007605.genome	25158	25276	+	2	120	90.00	-61.25	-53.35	-54.85	1.50	1.02	-2.85	0.87	2.64	0.995978
window203	locus42	NC_007605.genome	25158	25276	-	2	120	90.00	-65.56	-56.10	-56.85	0.75	1.05	-2.36	0.86	1.65	0.970170
locus43	NC_007605.genome	25355	25555	2	80.00	0.999916	-3.13	"BWRF1"
window204	locus43	NC_007605.genome	25355	25475	+	2	120	80.00	-49.16	-39.95	-38.95	-1.00	1.12	-1.73	0.81	0.62	0.801656
window205	locus43	NC_007605.genome	25355	25475	-	2	120	80.00	-64.70	-53.50	-53.75	0.25	1.14	-2.45	0.83	2.09	0.987714
window206	locus43	NC_007605.genome	25435	25555	+	2	120	70.00	-39.40	-30.41	-29.66	-0.75	1.31	-3.13	0.77	4.53	0.999916
window207	locus43	NC_007605.genome	25435	25555	-	2	120	70.00	-53.30	-39.60	-42.35	2.75	1.17	-3.03	0.74	4.29	0.999863
locus44	NC_007605.genome	25751	25853	2	68.33	0.968112	-1.36	"BWRF1"
window208	locus44	NC_007605.genome	25751	25853	-	2	120	68.33	-46.20	-38.08	-39.95	1.87	1.09	-1.36	0.82	1.62	0.968112
locus45	NC_007605.genome	25893	26252	2	86.67	0.998672	-3.32	"BWRF1"
window209	locus45	NC_007605.genome	25893	26012	+	2	120	84.17	-50.53	-39.05	-42.80	3.75	1.06	-3.32	0.77	3.18	0.998672
window210	locus45	NC_007605.genome	25893	26012	-	2	120	84.17	-59.05	-46.85	-49.35	2.50	1.08	-2.27	0.79	1.52	0.960546
window211	locus45	NC_007605.genome	25932	26052	-	2	120	86.67	-53.45	-41.50	-42.50	1.00	1.11	-1.77	0.78	0.39	0.716726
window212	locus45	NC_007605.genome	26012	26132	-	2	120	85.83	-60.80	-53.35	-52.35	-1.00	1.13	-1.46	0.88	0.16	0.610227
window213	locus45	NC_007605.genome	26132	26252	-	2	120	80.00	-60.90	-44.27	-46.02	1.75	1.14	-1.77	0.73	0.46	0.745327
locus46	NC_007605.genome	26332	26491	2	81.67	0.768316	-1.78	-
window214	locus46	NC_007605.genome	26332	26451	+	2	120	81.67	-39.65	-30.45	-28.95	-1.50	1.20	-1.78	0.77	0.52	0.768316
window215	locus46	NC_007605.genome	26371	26491	+	2	120	80.83	-43.95	-34.50	-33.50	-1.00	1.14	-1.51	0.78	0.04	0.552916
locus47	NC_007605.genome	26609	26799	2	88.33	0.992552	-2.45	-
window216	locus47	NC_007605.genome	26609	26727	+	2	120	88.33	-46.31	-42.00	-42.50	0.50	1.11	-2.45	0.91	2.34	0.992552
window217	locus47	NC_007605.genome	26609	26727	-	2	120	88.33	-43.39	-35.80	-37.55	1.75	1.03	-1.72	0.83	0.31	0.681161
window218	locus47	NC_007605.genome	26648	26767	+	2	120	80.83	-37.30	-25.85	-26.35	0.50	1.14	-1.79	0.69	0.40	0.720552
window219	locus47	NC_007605.genome	26688	26799	-	2	120	77.50	-38.52	-28.42	-28.67	0.25	1.17	-1.50	0.74	0.09	0.579615
locus48	NC_007605.genome	26919	27039	2	80.83	0.721379	-1.56	-
window220	locus48	NC_007605.genome	26919	27039	-	2	120	80.83	-44.55	-37.85	-37.10	-0.75	1.16	-1.56	0.85	0.40	0.721379
locus49	NC_007605.genome	27156	27715	2	89.17	0.999545	-2.87	-
window221	locus49	NC_007605.genome	27156	27276	+	2	120	83.33	-43.15	-39.05	-38.05	-1.00	1.18	-1.22	0.90	0.02	0.545812
window222	locus49	NC_007605.genome	27236	27356	+	2	120	78.33	-35.20	-29.50	-31.25	1.75	1.04	-1.49	0.84	0.41	0.725887
window223	locus49	NC_007605.genome	27236	27356	-	2	120	78.33	-52.75	-41.65	-40.90	-0.75	1.10	-2.87	0.79	2.79	0.997049
window224	locus49	NC_007605.genome	27276	27396	-	2	120	78.33	-55.85	-42.15	-44.65	2.50	1.08	-1.66	0.75	0.40	0.722808
window225	locus49	NC_007605.genome	27316	27436	+	2	120	75.83	-45.08	-35.54	-36.29	0.75	1.19	-1.80	0.79	1.10	0.915301
window226	locus49	NC_007605.genome	27316	27436	-	2	120	75.83	-56.25	-37.95	-38.95	1.00	1.14	-2.04	0.67	1.08	0.912266
window227	locus49	NC_007605.genome	27356	27476	+	2	120	70.00	-39.35	-30.88	-31.38	0.50	1.12	-2.50	0.78	3.71	0.999545
window228	locus49	NC_007605.genome	27356	27476	-	2	120	70.00	-49.80	-37.85	-37.85	0.00	1.19	-2.02	0.76	2.46	0.994217
window229	locus49	NC_007605.genome	27476	27596	-	2	120	70.00	-53.35	-38.60	-37.35	-1.25	1.31	-2.49	0.72	3.26	0.998869
window230	locus49	NC_007605.genome	27516	27636	-	2	120	82.50	-56.10	-45.61	-48.36	2.75	1.12	-2.16	0.81	1.38	0.948357
window231	locus49	NC_007605.genome	27556	27676	+	2	120	89.17	-46.95	-42.40	-44.40	2.00	1.00	-1.72	0.90	0.70	0.826617
window232	locus49	NC_007605.genome	27556	27676	-	2	120	89.17	-56.60	-50.60	-50.10	-0.50	1.12	-2.31	0.89	1.90	0.981933
window233	locus49	NC_007605.genome	27596	27715	+	2	120	88.33	-52.80	-44.80	-45.55	0.75	1.03	-2.02	0.85	1.04	0.905998
locus50	NC_007605.genome	27871	28029	2	89.17	0.999728	-4.10	"BWRF1"
window234	locus50	NC_007605.genome	27871	27991	+	2	120	89.17	-66.70	-61.40	-61.65	0.25	1.07	-2.73	0.92	2.89	0.997617
window235	locus50	NC_007605.genome	27871	27991	-	2	120	89.17	-53.45	-48.30	-49.55	1.25	1.08	-2.52	0.90	2.38	0.993166
window236	locus50	NC_007605.genome	27911	28029	+	2	120	88.33	-72.10	-70.07	-70.32	0.25	1.08	-4.10	0.97	3.96	0.999728
window237	locus50	NC_007605.genome	27911	28029	-	2	120	88.33	-68.45	-62.42	-63.05	0.63	1.10	-3.61	0.91	3.77	0.999601
locus51	NC_007605.genome	28148	28385	2	91.67	0.998630	-3.22	"BWRF1"
window238	locus51	NC_007605.genome	28148	28267	+	2	120	85.00	-54.40	-47.05	-46.55	-0.50	1.15	-1.53	0.86	0.25	0.652379
window239	locus51	NC_007605.genome	28188	28307	+	2	120	89.17	-57.40	-49.25	-50.00	0.75	1.03	-3.22	0.86	3.17	0.998630
window240	locus51	NC_007605.genome	28188	28307	-	2	120	89.17	-63.15	-56.35	-59.10	2.75	1.07	-2.18	0.89	1.61	0.967417
window241	locus51	NC_007605.genome	28227	28345	+	2	120	90.83	-60.30	-48.65	-50.65	2.00	1.00	-3.11	0.81	2.57	0.995393
window242	locus51	NC_007605.genome	28227	28345	-	2	120	90.83	-65.56	-53.55	-54.80	1.25	1.03	-2.59	0.82	1.76	0.976082
window243	locus51	NC_007605.genome	28267	28385	-	2	120	91.67	-62.11	-55.70	-56.20	0.50	1.05	-1.85	0.90	0.66	0.815862
locus52	NC_007605.genome	28424	28624	2	79.17	0.999873	-3.41	"BWRF1"
window244	locus52	NC_007605.genome	28424	28544	+	2	120	79.17	-49.16	-39.95	-38.95	-1.00	1.12	-1.93	0.81	1.10	0.914535
window245	locus52	NC_007605.genome	28424	28544	-	2	120	79.17	-64.40	-53.95	-53.45	-0.50	1.18	-2.45	0.84	2.21	0.990322
window246	locus52	NC_007605.genome	28504	28624	+	2	120	70.83	-43.63	-31.81	-31.06	-0.75	1.28	-3.41	0.73	4.33	0.999873
window247	locus52	NC_007605.genome	28504	28624	-	2	120	70.83	-54.95	-43.25	-44.50	1.25	1.19	-2.70	0.79	3.89	0.999684
locus53	NC_007605.genome	28820	28922	2	69.17	0.922050	-1.25	"BWRF1"
window248	locus53	NC_007605.genome	28820	28922	-	2	120	69.17	-44.70	-36.58	-38.95	2.37	1.06	-1.25	0.82	1.15	0.922050
locus54	NC_007605.genome	35538	35647	2	70.83	0.739909	-1.95	-
window249	locus54	NC_007605.genome	35538	35647	-	2	120	70.83	-37.60	-22.49	-24.74	2.25	1.12	-1.95	0.60	0.45	0.739909
locus55	NC_007605.genome	35939	36056	2	65.00	0.999660	-2.69	-
window250	locus55	NC_007605.genome	35939	36056	+	2	120	65.00	-44.45	-30.60	-33.10	2.50	1.20	-1.34	0.69	0.07	0.570543
window251	locus55	NC_007605.genome	35939	36056	-	2	120	65.00	-40.19	-27.00	-25.75	-1.25	1.25	-2.69	0.67	3.85	0.999660
locus56	NC_007605.genome	40470	40564	3	65.27	0.971119	-2.45	"BHLF1"
window252	locus56	NC_007605.genome	40470	40564	+	3	120	65.27	-36.01	-19.64	-19.77	0.12	1.29	-1.76	0.55	1.67	0.971119
window253	locus56	NC_007605.genome	40470	40564	-	3	120	65.27	-38.13	-16.36	-17.67	1.31	1.12	-2.45	0.43	1.17	0.924977
locus57	NC_007605.genome	40662	41137	3	98.29	1.000000	-4.75	-
window254	locus57	NC_007605.genome	40662	40756	-	2	94	89.36	-24.54	-21.24	-20.74	-0.50	1.12	-3.06	0.87	2.98	0.997999
window255	locus57	NC_007605.genome	40702	40795	+	3	120	62.76	-46.10	-16.53	-16.77	0.23	1.30	-2.89	0.36	0.89	0.875205
window256	locus57	NC_007605.genome	40702	40795	-	3	120	62.76	-37.85	-12.05	-12.83	0.78	1.07	-3.16	0.32	0.43	0.734700
window257	locus57	NC_007605.genome	40733	40832	+	2	99	89.90	-40.05	-35.95	-36.20	0.25	1.03	-2.14	0.90	1.50	0.959518
window258	locus57	NC_007605.genome	40733	40832	-	2	99	89.90	-32.20	-28.80	-28.80	0.00	1.00	-2.70	0.89	2.56	0.995290
window259	locus57	NC_007605.genome	40756	40872	+	2	116	92.24	-49.25	-43.60	-43.85	0.25	1.03	-3.12	0.89	2.79	0.997050
window260	locus57	NC_007605.genome	40756	40872	-	2	116	92.24	-40.50	-37.00	-38.00	1.00	1.00	-1.95	0.91	0.95	0.887675
window261	locus57	NC_007605.genome	40795	40912	+	2	117	98.29	-53.40	-53.55	-53.30	-0.25	1.02	-4.75	1.00	2.61	0.995708
window262	locus57	NC_007605.genome	40795	40912	-	2	117	98.29	-35.85	-34.40	-34.90	0.50	1.00	-2.47	0.96	1.66	0.970489
window263	locus57	NC_007605.genome	40832	40952	+	2	120	97.50	-49.50	-48.95	-48.70	-0.25	1.03	-3.91	0.99	3.16	0.998626
window264	locus57	NC_007605.genome	40832	40952	-	2	120	97.50	-49.80	-49.90	-49.65	-0.25	1.03	-2.93	1.00	2.98	0.998011
window265	locus57	NC_007605.genome	40872	40992	+	3	120	54.72	-38.80	-13.59	-17.60	4.01	1.25	-2.64	0.35	1.49	0.958198
window266	locus57	NC_007605.genome	40872	40992	-	3	120	54.72	-40.67	-16.86	-21.53	4.68	1.22	-2.94	0.41	3.15	0.998594
window267	locus57	NC_007605.genome	40912	41032	+	3	120	63.61	-40.30	-23.70	-21.40	-2.30	1.51	-2.46	0.59	5.15	0.999976
window268	locus57	NC_007605.genome	40912	41032	-	3	120	63.61	-45.21	-24.41	-22.87	-1.54	1.34	-3.34	0.54	6.02	0.999996
window269	locus57	NC_007605.genome	40952	41057	+	3	120	61.93	-37.64	-21.94	-21.40	-0.54	1.30	-3.84	0.58	6.94	0.999999
window270	locus57	NC_007605.genome	40952	41057	-	3	120	61.93	-31.57	-14.57	-14.68	0.12	1.17	-3.90	0.46	4.71	0.999942
window271	locus57	NC_007605.genome	40992	41097	+	3	120	67.61	-33.83	-19.32	-18.10	-1.21	1.26	-2.69	0.57	4.88	0.999958
window272	locus57	NC_007605.genome	40992	41097	-	3	120	67.61	-45.03	-31.42	-32.87	1.45	1.17	-4.26	0.70	7.48	1.000000
window273	locus57	NC_007605.genome	41032	41137	-	2	120	85.00	-40.45	-33.93	-33.68	-0.25	1.04	-2.09	0.84	1.30	0.939545
locus58	NC_007605.genome	41425	41585	2	85.00	0.995463	-2.55	"miR-BHRF1"
window274	locus58	NC_007605.genome	41425	41545	+	2	120	85.00	-41.50	-36.70	-37.45	0.75	1.10	-1.37	0.88	0.05	0.556249
window275	locus58	NC_007605.genome	41425	41545	-	2	120	85.00	-40.90	-36.10	-36.60	0.50	1.00	-2.37	0.88	2.12	0.988458
window276	locus58	NC_007605.genome	41465	41585	-	2	120	83.33	-39.65	-35.70	-36.20	0.50	1.00	-2.55	0.90	2.58	0.995463
locus59	NC_007605.genome	41816	41936	2	53.33	0.687483	-2.25	-
window277	locus59	NC_007605.genome	41816	41936	+	2	120	53.33	-35.00	-17.00	-22.25	5.25	1.13	-2.25	0.49	0.32	0.687483
locus60	NC_007605.genome	42688	43072	2	80.83	0.999977	-4.97	"miR-BHRF1-2*"
window278	locus60	NC_007605.genome	42688	42803	+	2	120	63.33	-36.65	-31.55	-31.30	-0.25	1.30	-1.63	0.86	3.21	0.998736
window279	locus60	NC_007605.genome	42803	42922	+	2	120	80.83	-47.94	-42.31	-44.81	2.50	1.10	-4.97	0.88	2.74	0.996758
window280	locus60	NC_007605.genome	42803	42922	-	2	120	80.83	-39.15	-31.80	-35.05	3.25	1.05	-2.14	0.81	1.40	0.950056
window281	locus60	NC_007605.genome	42842	42962	+	2	120	74.17	-42.73	-35.05	-38.55	3.50	1.12	-3.57	0.82	3.94	0.999715
window282	locus60	NC_007605.genome	42842	42962	-	2	120	74.17	-32.45	-26.14	-29.39	3.25	1.08	-1.18	0.81	0.12	0.595371
window283	locus60	NC_007605.genome	42922	43041	+	2	120	64.17	-43.08	-31.95	-32.70	0.75	1.23	-2.94	0.74	5.17	0.999977
window284	locus60	NC_007605.genome	42922	43041	-	2	120	64.17	-36.85	-23.50	-26.50	3.00	1.10	-2.12	0.64	1.91	0.982122
window285	locus60	NC_007605.genome	42962	43072	-	2	120	66.67	-27.82	-15.80	-18.80	3.00	1.08	-2.05	0.57	0.30	0.677362
locus61	NC_007605.genome	45391	45571	2	75.83	0.891782	-1.81	-
window286	locus61	NC_007605.genome	45391	45511	-	2	120	67.50	-49.95	-35.94	-40.44	4.50	1.14	-1.54	0.72	0.97	0.891782
window287	locus61	NC_007605.genome	45451	45571	-	2	120	75.83	-38.00	-23.75	-27.25	3.50	1.16	-1.81	0.62	0.25	0.651547
locus62	NC_007605.genome	47600	47878	2	85.83	0.990222	-2.55	"BFRF2"
window288	locus62	NC_007605.genome	47600	47718	+	2	120	75.83	-48.65	-38.55	-41.30	2.75	1.20	-1.30	0.79	0.07	0.567476
window289	locus62	NC_007605.genome	47638	47758	+	2	120	75.00	-54.95	-47.90	-47.90	-0.00	1.26	-1.52	0.87	1.31	0.940605
window290	locus62	NC_007605.genome	47718	47838	+	2	120	75.00	-67.75	-53.20	-53.70	0.50	1.18	-2.26	0.79	2.20	0.990222
window291	locus62	NC_007605.genome	47718	47838	-	2	120	75.00	-65.00	-40.75	-42.75	2.00	1.14	-2.55	0.63	1.74	0.974942
window292	locus62	NC_007605.genome	47758	47878	-	2	120	85.83	-60.35	-49.10	-51.60	2.50	1.07	-1.49	0.81	-0.05	0.506429
locus63	NC_007605.genome	49950	50070	3	66.67	0.966975	-2.22	"BPLF1"
window293	locus63	NC_007605.genome	49950	50070	+	3	120	66.67	-42.57	-20.55	-20.57	0.02	1.39	-2.22	0.48	1.60	0.966975
locus64	NC_007605.genome	50105	50225	2	78.33	0.996542	-2.72	"BPLF1"
window294	locus64	NC_007605.genome	50105	50225	+	2	120	78.33	-46.70	-39.10	-41.10	2.00	1.18	-2.72	0.84	2.71	0.996542
locus65	NC_007605.genome	50305	50425	2	76.67	0.820591	-1.76	"EBNA-1"
window295	locus65	NC_007605.genome	50305	50425	+	2	120	76.67	-54.05	-43.40	-41.90	-1.50	1.18	-1.52	0.80	0.47	0.749791
window296	locus65	NC_007605.genome	50305	50425	-	2	120	76.67	-40.75	-29.90	-31.65	1.75	1.06	-1.76	0.73	0.68	0.820591
locus66	NC_007605.genome	51170	51487	2	74.17	0.887357	-1.77	"EBNA-1"
window297	locus66	NC_007605.genome	51170	51290	+	2	120	54.17	-59.60	-38.86	-39.11	0.25	1.35	-1.18	0.65	0.43	0.732595
window298	locus66	NC_007605.genome	51250	51367	+	2	120	59.17	-57.15	-47.75	-47.00	-0.75	1.30	-0.80	0.84	0.71	0.829933
window299	locus66	NC_007605.genome	51367	51487	+	2	120	74.17	-47.75	-34.69	-35.94	1.25	1.24	-1.77	0.73	0.95	0.887357
locus67	NC_007605.genome	51985	52088	3	60.64	0.631200	-1.44	"EBNA-1"
window300	locus67	NC_007605.genome	51985	52088	-	3	120	60.64	-38.60	-19.06	-22.18	3.12	1.16	-1.44	0.49	0.20	0.631200
locus68	NC_007605.genome	52206	52320	3	67.23	0.728152	-1.75	"EBNA-1"
window301	locus68	NC_007605.genome	52206	52320	+	3	120	67.23	-52.27	-26.37	-27.17	0.80	1.32	-1.75	0.50	0.42	0.728152
locus69	NC_007605.genome	52360	52480	3	60.00	0.999488	-2.47	"EBNA-1"
window302	locus69	NC_007605.genome	52360	52480	-	3	120	60.00	-45.30	-22.54	-23.33	0.80	1.31	-2.47	0.50	3.65	0.999488
locus70	NC_007605.genome	53998	54198	2	90.00	0.997970	-3.00	"EBNA-1"
window303	locus70	NC_007605.genome	53998	54118	-	2	120	76.67	-68.25	-49.75	-53.00	3.25	1.07	-3.00	0.73	2.97	0.997970
window304	locus70	NC_007605.genome	54078	54198	-	2	120	90.00	-61.90	-56.45	-58.95	2.50	1.02	-1.46	0.91	0.11	0.590776
locus71	NC_007605.genome	54318	54438	2	85.00	0.716242	-1.23	"EBNA-1"
window305	locus71	NC_007605.genome	54318	54438	+	2	120	85.00	-50.25	-47.70	-47.70	-0.00	1.06	-1.23	0.95	0.39	0.716242
locus72	NC_007605.genome	54718	54823	2	65.00	0.658392	-1.21	"EBNA-1"
window306	locus72	NC_007605.genome	54718	54823	+	2	120	65.00	-41.45	-30.45	-30.20	-0.25	1.29	-1.21	0.73	0.26	0.658392
locus73	NC_007605.genome	60353	60628	3	73.04	0.777744	-1.55	"EBNA-1"
window307	locus73	NC_007605.genome	60353	60468	+	2	115	73.04	-50.05	-40.15	-42.40	2.25	1.03	-1.16	0.80	0.20	0.633047
window308	locus73	NC_007605.genome	60388	60508	+	2	120	64.17	-37.15	-28.15	-32.40	4.25	1.03	-1.10	0.76	0.26	0.656516
window309	locus73	NC_007605.genome	60388	60508	-	2	120	64.17	-43.45	-29.14	-31.89	2.75	1.03	-1.55	0.67	0.55	0.777744
window310	locus73	NC_007605.genome	60508	60628	+	3	120	63.89	-50.07	-27.35	-28.03	0.69	1.42	-1.27	0.55	0.01	0.536369
locus74	NC_007605.genome	60668	60857	2	76.92	0.950018	-2.13	"EBNA-1"
window311	locus74	NC_007605.genome	60668	60779	-	2	117	76.07	-41.20	-28.85	-32.60	3.75	1.10	-2.13	0.70	1.40	0.950018
window312	locus74	NC_007605.genome	60742	60857	-	2	117	76.92	-51.55	-35.00	-35.00	0.00	1.18	-1.68	0.68	0.29	0.669235
locus75	NC_007605.genome	60890	60989	2	68.33	0.999454	-3.02	"EBNA-1"
window313	locus75	NC_007605.genome	60890	60989	+	2	120	68.33	-60.35	-39.65	-42.90	3.25	1.08	-2.91	0.66	3.60	0.999435
window314	locus75	NC_007605.genome	60890	60989	-	2	120	68.33	-58.65	-37.97	-42.10	4.13	1.03	-3.02	0.65	3.62	0.999454
locus76	NC_007605.genome	61747	61907	2	51.67	0.988962	-2.33	"EBNA-1"
window315	locus76	NC_007605.genome	61747	61867	+	2	120	50.00	-51.40	-23.70	-30.45	6.75	1.23	-2.19	0.46	0.25	0.652548
window316	locus76	NC_007605.genome	61787	61907	+	2	120	51.67	-49.85	-26.35	-24.85	-1.50	1.43	-2.33	0.53	1.68	0.971622
window317	locus76	NC_007605.genome	61787	61907	-	2	120	51.67	-52.40	-32.30	-31.30	-1.00	1.38	-1.79	0.62	2.14	0.988962
locus77	NC_007605.genome	62552	62789	3	71.39	0.841241	-1.68	"EBNA-1"
window318	locus77	NC_007605.genome	62552	62669	-	2	119	55.46	-37.30	-22.65	-24.90	2.25	1.18	-1.60	0.61	0.75	0.841241
window319	locus77	NC_007605.genome	62669	62789	+	3	120	71.39	-44.77	-25.73	-27.30	1.57	1.26	-1.61	0.57	0.45	0.741947
window320	locus77	NC_007605.genome	62669	62789	-	3	120	71.39	-43.42	-24.15	-24.50	0.35	1.36	-1.68	0.56	0.39	0.717418
locus78	NC_007605.genome	63461	63660	3	71.39	0.939121	-1.68	"BORF1"
window321	locus78	NC_007605.genome	63461	63581	+	3	120	71.39	-40.73	-25.04	-23.94	-1.10	1.38	-1.68	0.61	1.30	0.939121
window322	locus78	NC_007605.genome	63541	63660	+	3	120	69.64	-43.00	-26.25	-26.93	0.68	1.26	-1.56	0.61	1.16	0.924724
window323	locus78	NC_007605.genome	63541	63660	-	3	120	69.64	-45.93	-25.89	-27.47	1.58	1.33	-1.68	0.56	0.87	0.871441
locus79	NC_007605.genome	64303	64419	3	66.01	0.976747	-1.72	"BORF2"
window324	locus79	NC_007605.genome	64303	64419	+	3	120	66.01	-46.50	-26.34	-24.47	-1.87	1.34	-1.72	0.57	1.78	0.976747
locus80	NC_007605.genome	64570	64690	3	71.94	0.999983	-2.68	"BORF2"
window325	locus80	NC_007605.genome	64570	64690	+	3	120	71.94	-41.10	-29.02	-28.37	-0.65	1.32	-2.68	0.71	5.31	0.999983
locus81	NC_007605.genome	65130	65250	3	76.94	0.510533	-1.40	"BORF2"
window326	locus81	NC_007605.genome	65130	65250	+	3	120	76.94	-39.60	-26.15	-27.17	1.02	1.25	-1.40	0.66	-0.05	0.510533
locus82	NC_007605.genome	66177	66297	3	77.22	0.537284	-1.29	"BORF2"
window327	locus82	NC_007605.genome	66177	66297	-	3	120	77.22	-43.23	-31.21	-31.57	0.35	1.38	-1.29	0.72	0.01	0.537284
locus83	NC_007605.genome	66686	66846	3	78.33	0.874677	-2.29	"BaRF1"
window328	locus83	NC_007605.genome	66686	66806	+	3	120	75.56	-40.67	-24.32	-24.57	0.24	1.34	-1.65	0.60	0.18	0.620639
window329	locus83	NC_007605.genome	66726	66846	+	3	120	78.33	-38.73	-22.55	-22.23	-0.32	1.31	-2.29	0.58	0.89	0.874677
locus84	NC_007605.genome	66926	67206	3	79.17	0.995656	-2.02	"BaRF1"
window330	locus84	NC_007605.genome	66926	67046	-	3	120	71.11	-45.90	-30.79	-32.80	2.01	1.20	-1.82	0.67	2.59	0.995535
window331	locus84	NC_007605.genome	66966	67086	+	3	120	73.89	-40.83	-31.10	-29.13	-1.97	1.41	-1.32	0.76	0.94	0.885248
window332	locus84	NC_007605.genome	66966	67086	-	3	120	73.89	-40.27	-27.65	-28.10	0.45	1.21	-2.02	0.69	2.60	0.995656
window333	locus84	NC_007605.genome	67046	67166	+	3	120	79.17	-34.21	-30.13	-28.60	-1.53	1.34	-1.20	0.88	0.85	0.867179
window334	locus84	NC_007605.genome	67086	67206	+	3	120	77.78	-40.59	-29.95	-28.63	-1.32	1.28	-1.79	0.74	1.17	0.926131
locus85	NC_007605.genome	67246	67366	3	71.11	0.938938	-1.65	"BaRF1"
window335	locus85	NC_007605.genome	67246	67366	+	3	120	71.11	-46.93	-28.84	-30.63	1.80	1.29	-1.65	0.61	1.27	0.938938
locus86	NC_007605.genome	67824	67984	3	65.83	0.995135	-2.27	"BMRF1"
window336	locus86	NC_007605.genome	67824	67944	+	3	120	65.83	-49.20	-24.96	-27.10	2.14	1.41	-2.27	0.51	2.54	0.995135
window337	locus86	NC_007605.genome	67864	67984	+	3	120	65.83	-42.83	-21.29	-22.53	1.24	1.43	-1.71	0.50	0.36	0.702701
locus87	NC_007605.genome	68687	68786	2	86.87	0.523182	-1.53	"BMRF2"
window338	locus87	NC_007605.genome	68687	68786	+	2	99	86.87	-38.10	-30.75	-33.25	2.50	1.00	-1.53	0.81	-0.02	0.523182
locus88	NC_007605.genome	71500	71802	2	79.17	0.957950	-1.93	"BSLF2/BMLF1"
window339	locus88	NC_007605.genome	71500	71620	+	2	120	75.00	-44.05	-37.40	-37.15	-0.25	1.29	-0.92	0.85	-0.05	0.507079
window340	locus88	NC_007605.genome	71540	71660	+	2	120	79.17	-45.55	-36.40	-36.90	0.50	1.13	-1.93	0.80	1.04	0.905854
window341	locus88	NC_007605.genome	71660	71762	+	2	120	68.33	-49.75	-36.40	-39.65	3.25	1.13	-1.68	0.73	1.48	0.957950
window342	locus88	NC_007605.genome	71690	71802	+	2	120	71.67	-44.17	-33.55	-34.55	1.00	1.14	-1.66	0.76	1.25	0.936619
locus89	NC_007605.genome	72957	73077	3	61.67	0.642270	-1.61	-
window343	locus89	NC_007605.genome	72957	73077	-	3	120	61.67	-50.71	-24.05	-27.40	3.35	1.29	-1.61	0.47	0.23	0.642270
locus90	NC_007605.genome	73316	73420	3	52.62	0.886642	-1.68	-
window344	locus90	NC_007605.genome	73316	73420	+	3	120	52.62	-47.90	-20.56	-22.10	1.54	1.25	-1.68	0.43	0.94	0.886642
locus91	NC_007605.genome	74457	74577	3	67.22	0.997397	-3.21	-
window345	locus91	NC_007605.genome	74457	74577	+	3	120	67.22	-47.97	-20.65	-19.67	-0.98	1.40	-2.36	0.43	0.54	0.773879
window346	locus91	NC_007605.genome	74457	74577	-	3	120	67.22	-45.56	-20.22	-17.90	-2.32	1.33	-3.21	0.44	2.85	0.997397
locus92	NC_007605.genome	75926	76086	3	71.11	0.799089	-1.44	"BLLF3"
window347	locus92	NC_007605.genome	75926	76046	-	3	120	71.11	-43.07	-27.77	-25.68	-2.09	1.41	-1.37	0.64	0.61	0.799089
window348	locus92	NC_007605.genome	75966	76086	-	3	120	66.94	-47.70	-25.72	-24.41	-1.31	1.39	-1.44	0.54	0.03	0.546622
locus93	NC_007605.genome	76791	76896	3	60.58	0.851186	-1.65	"BLRF2"
window349	locus93	NC_007605.genome	76791	76896	-	3	120	60.58	-44.20	-21.47	-22.60	1.14	1.53	-1.65	0.49	0.79	0.851186
locus94	NC_007605.genome	77281	77401	2	77.50	0.743745	-1.59	"BLLF2"
window350	locus94	NC_007605.genome	77281	77401	+	2	120	77.50	-46.85	-36.95	-39.45	2.50	1.18	-1.59	0.79	0.46	0.743745
locus95	NC_007605.genome	77561	77761	2	79.17	0.989138	-2.63	"BLLF2"
window351	locus95	NC_007605.genome	77561	77681	-	2	120	76.67	-42.25	-28.65	-29.15	0.50	1.15	-2.63	0.68	2.15	0.989138
window352	locus95	NC_007605.genome	77601	77721	+	2	120	77.50	-51.30	-42.55	-40.55	-2.00	1.32	-1.62	0.83	0.73	0.834086
window353	locus95	NC_007605.genome	77601	77721	-	2	120	77.50	-35.25	-26.60	-29.35	2.75	1.12	-2.29	0.75	1.79	0.977496
window354	locus95	NC_007605.genome	77641	77761	-	2	120	79.17	-27.65	-18.70	-20.70	2.00	1.17	-1.76	0.68	0.34	0.695689
locus96	NC_007605.genome	80169	80402	2	72.50	0.999638	-3.75	-
window355	locus96	NC_007605.genome	80169	80283	-	2	120	51.67	-41.85	-26.84	-25.84	-1.00	1.37	-1.09	0.64	0.65	0.812794
window356	locus96	NC_007605.genome	80249	80362	+	2	120	65.00	-37.15	-25.85	-28.85	3.00	1.18	-2.37	0.70	3.43	0.999195
window357	locus96	NC_007605.genome	80249	80362	-	2	120	65.00	-35.35	-22.35	-24.60	2.25	1.22	-1.58	0.63	0.05	0.561154
window358	locus96	NC_007605.genome	80283	80402	+	2	120	72.50	-44.05	-30.45	-33.70	3.25	1.11	-3.75	0.69	3.82	0.999638
window359	locus96	NC_007605.genome	80283	80402	-	2	120	72.50	-42.95	-28.20	-30.95	2.75	1.20	-2.92	0.66	2.95	0.997891
locus97	NC_007605.genome	83074	83188	2	61.67	0.998371	-1.98	-
window360	locus97	NC_007605.genome	83074	83188	-	2	120	61.67	-42.62	-31.40	-30.40	-1.00	1.26	-1.98	0.74	3.08	0.998371
locus98	NC_007605.genome	84284	84404	2	50.00	0.988377	-1.39	-
window361	locus98	NC_007605.genome	84284	84404	-	2	120	50.00	-34.90	-23.56	-21.56	-2.00	1.47	-1.39	0.68	2.12	0.988377
locus99	NC_007605.genome	85576	85689	2	55.83	0.999875	-3.02	-
window362	locus99	NC_007605.genome	85576	85689	+	2	120	55.83	-41.40	-24.17	-25.17	1.00	1.28	-1.62	0.58	0.32	0.688758
window363	locus99	NC_007605.genome	85576	85689	-	2	120	55.83	-53.90	-33.56	-32.31	-1.25	1.33	-3.02	0.62	4.34	0.999875
locus100	NC_007605.genome	87534	87649	2	50.00	0.840652	-1.79	-
window364	locus100	NC_007605.genome	87534	87649	-	2	120	50.00	-50.25	-26.10	-27.10	1.00	1.33	-1.79	0.52	0.75	0.840652
locus101	NC_007605.genome	89640	89754	2	79.82	0.608860	-1.34	"BZLF2"
window365	locus101	NC_007605.genome	89640	89754	+	2	114	79.82	-47.30	-40.80	-41.05	0.25	1.21	-1.34	0.86	0.15	0.608860
locus102	NC_007605.genome	90549	90669	2	78.33	0.760651	-1.76	"BZLF1"
window366	locus102	NC_007605.genome	90549	90669	+	2	120	78.33	-39.30	-31.10	-30.35	-0.75	1.21	-1.49	0.79	0.18	0.621972
window367	locus102	NC_007605.genome	90549	90669	-	2	120	78.33	-30.70	-22.05	-22.80	0.75	1.14	-1.76	0.72	0.50	0.760651
locus103	NC_007605.genome	91249	91344	2	76.04	0.986866	-2.40	-
window368	locus103	NC_007605.genome	91249	91344	+	2	96	76.04	-40.25	-29.20	-30.95	1.75	1.13	-2.40	0.73	2.06	0.986866
locus104	NC_007605.genome	91591	91751	2	83.33	0.973235	-2.13	-
window369	locus104	NC_007605.genome	91591	91711	+	2	120	83.33	-48.40	-40.87	-42.12	1.25	1.13	-2.01	0.84	1.18	0.927479
window370	locus104	NC_007605.genome	91591	91711	-	2	120	83.33	-39.85	-33.07	-33.57	0.50	1.18	-1.43	0.83	-0.05	0.506462
window371	locus104	NC_007605.genome	91631	91751	+	2	120	77.50	-47.00	-38.50	-38.50	0.00	1.12	-2.13	0.82	1.71	0.973235
locus105	NC_007605.genome	92211	92331	3	75.83	0.826350	-1.54	-
window372	locus105	NC_007605.genome	92211	92331	+	3	120	75.83	-33.53	-23.26	-23.17	-0.10	1.28	-1.54	0.69	0.70	0.826350
locus106	NC_007605.genome	92371	92491	3	71.94	0.594379	-1.76	-
window373	locus106	NC_007605.genome	92371	92491	-	3	120	71.94	-44.80	-23.94	-24.30	0.36	1.35	-1.76	0.53	0.12	0.594379
locus107	NC_007605.genome	95320	95480	2	75.00	0.995590	-1.72	"BRRF2"
window374	locus107	NC_007605.genome	95320	95440	+	2	120	70.00	-47.10	-35.74	-36.49	0.75	1.20	-1.48	0.76	0.98	0.894543
window375	locus107	NC_007605.genome	95320	95440	-	2	120	70.00	-40.44	-34.67	-36.42	1.75	1.19	-1.72	0.86	2.59	0.995590
window376	locus107	NC_007605.genome	95360	95480	+	2	120	75.00	-49.10	-35.50	-39.50	4.00	1.18	-1.59	0.72	0.42	0.728408
locus108	NC_007605.genome	96934	97053	2	70.83	0.998970	-3.03	-
window377	locus108	NC_007605.genome	96934	97053	-	2	120	70.83	-48.90	-31.90	-31.90	0.00	1.26	-3.03	0.65	3.31	0.998970
locus109	NC_007605.genome	98483	98683	3	80.56	0.805931	-2.41	"BKRF3"
window378	locus109	NC_007605.genome	98483	98603	+	3	120	80.56	-44.35	-26.09	-27.54	1.45	1.12	-2.41	0.59	0.63	0.805931
window379	locus109	NC_007605.genome	98563	98683	+	3	120	80.28	-38.40	-27.37	-27.16	-0.21	1.23	-1.54	0.71	0.11	0.587497
locus110	NC_007605.genome	99078	99192	2	78.33	0.899085	-1.81	"BKRF4"
window380	locus110	NC_007605.genome	99078	99192	+	2	120	78.33	-44.63	-36.95	-35.20	-1.75	1.14	-1.81	0.83	1.01	0.899085
window381	locus110	NC_007605.genome	99078	99192	-	2	120	78.33	-47.50	-35.85	-37.60	1.75	1.13	-1.51	0.75	0.10	0.584256
locus111	NC_007605.genome	99637	99797	3	77.22	0.892253	-1.97	"BBLF4"
window382	locus111	NC_007605.genome	99637	99757	-	3	120	74.72	-42.33	-27.07	-27.19	0.12	1.19	-1.41	0.64	0.09	0.577789
window383	locus111	NC_007605.genome	99677	99797	+	3	120	77.22	-43.71	-27.81	-25.17	-2.65	1.36	-1.66	0.64	0.35	0.700821
window384	locus111	NC_007605.genome	99677	99797	-	3	120	77.22	-40.70	-25.42	-25.10	-0.32	1.31	-1.97	0.62	0.97	0.892253
locus112	NC_007605.genome	100077	100237	3	74.17	0.859014	-1.88	"BBLF4"
window385	locus112	NC_007605.genome	100077	100197	-	3	120	71.11	-35.73	-18.38	-19.73	1.35	1.38	-1.88	0.51	0.27	0.661922
window386	locus112	NC_007605.genome	100117	100237	-	3	120	74.17	-36.53	-21.41	-20.77	-0.65	1.48	-1.84	0.59	0.82	0.859014
locus113	NC_007605.genome	100639	100759	3	75.00	0.704772	-1.81	"BBLF4"
window387	locus113	NC_007605.genome	100639	100759	+	3	120	75.00	-52.33	-30.02	-33.03	3.02	1.35	-1.81	0.57	0.36	0.704772
locus114	NC_007605.genome	101199	101319	3	79.17	0.987311	-2.28	"BBLF4"
window388	locus114	NC_007605.genome	101199	101319	+	3	120	79.17	-45.84	-31.82	-32.17	0.35	1.24	-2.18	0.69	1.49	0.958349
window389	locus114	NC_007605.genome	101199	101319	-	3	120	79.17	-40.43	-32.01	-31.13	-0.88	1.22	-2.28	0.79	2.07	0.987311
locus115	NC_007605.genome	101839	101999	3	69.17	0.999461	-2.33	"BBRF1"
window390	locus115	NC_007605.genome	101839	101959	+	3	120	69.17	-48.63	-29.76	-30.57	0.80	1.38	-1.35	0.61	0.45	0.741141
window391	locus115	NC_007605.genome	101879	101999	+	3	120	69.17	-42.33	-24.62	-27.63	3.01	1.19	-2.33	0.58	3.62	0.999461
window392	locus115	NC_007605.genome	101879	101999	-	3	120	69.17	-46.60	-31.54	-33.33	1.79	1.24	-1.26	0.68	0.92	0.882173
locus116	NC_007605.genome	103468	103588	3	81.67	0.647917	-1.90	"BBRF1"
window393	locus116	NC_007605.genome	103468	103588	+	3	120	81.67	-39.67	-25.88	-25.57	-0.31	1.26	-1.90	0.65	0.24	0.647917
locus117	NC_007605.genome	105088	105248	2	65.00	0.999921	-3.76	"BBLF2/BBLF3"
window394	locus117	NC_007605.genome	105088	105208	+	2	120	60.83	-44.95	-29.60	-29.10	-0.50	1.29	-1.99	0.66	2.11	0.988106
window395	locus117	NC_007605.genome	105088	105208	-	2	120	60.83	-53.05	-33.25	-37.25	4.00	1.18	-3.47	0.63	4.57	0.999921
window396	locus117	NC_007605.genome	105128	105248	+	2	120	65.00	-50.05	-32.20	-30.95	-1.25	1.34	-3.76	0.64	4.49	0.999908
window397	locus117	NC_007605.genome	105128	105248	-	2	120	65.00	-57.90	-39.00	-41.00	2.00	1.22	-3.02	0.67	4.45	0.999900
locus118	NC_007605.genome	105835	105955	2	85.00	0.512326	-1.52	"BBLF2/BBLF3"
window398	locus118	NC_007605.genome	105835	105955	+	2	120	85.00	-49.75	-38.55	-39.30	0.75	1.09	-1.52	0.77	-0.04	0.512326
locus119	NC_007605.genome	106325	106442	2	80.83	0.874900	-1.88	"BBLF2/BBLF3"
window399	locus119	NC_007605.genome	106325	106442	+	2	120	80.83	-52.45	-38.80	-38.30	-0.50	1.15	-1.76	0.74	0.44	0.735966
window400	locus119	NC_007605.genome	106325	106442	-	2	120	80.83	-50.13	-40.85	-42.10	1.25	1.11	-1.88	0.81	0.89	0.874900
locus120	NC_007605.genome	107859	107978	2	70.83	0.879185	-1.58	"BBRF3"
window401	locus120	NC_007605.genome	107859	107978	+	2	120	70.83	-49.90	-36.45	-39.20	2.75	1.09	-1.58	0.73	0.91	0.879185
locus121	NC_007605.genome	108056	108174	2	70.83	0.689828	-1.62	"BBRF3"
window402	locus121	NC_007605.genome	108056	108174	+	2	120	70.83	-37.47	-24.67	-25.67	1.00	1.15	-1.62	0.66	0.33	0.689828
locus122	NC_007605.genome	109020	109140	3	76.67	0.580642	-1.42	"BBLF1"
window403	locus122	NC_007605.genome	109020	109140	-	3	120	76.67	-43.07	-28.89	-31.90	3.01	1.14	-1.42	0.67	0.09	0.580642
locus123	NC_007605.genome	112206	112323	3	65.83	0.972673	-1.75	-
window404	locus123	NC_007605.genome	112206	112323	-	3	120	65.83	-38.08	-21.10	-23.00	1.90	1.17	-1.75	0.55	1.70	0.972673
locus124	NC_007605.genome	113244	113364	3	75.00	0.764324	-1.87	"BGLF2"
window405	locus124	NC_007605.genome	113244	113364	+	3	120	75.00	-39.43	-22.58	-23.93	1.35	1.28	-1.87	0.57	0.51	0.764324
locus125	NC_007605.genome	113730	113850	3	64.72	0.735382	-2.99	"BGLF2"
window406	locus125	NC_007605.genome	113730	113850	+	3	120	64.72	-44.30	-15.47	-15.50	0.03	1.50	-2.99	0.35	0.44	0.735382
locus126	NC_007605.genome	115043	115203	2	89.17	0.940982	-2.24	-
window407	locus126	NC_007605.genome	115043	115163	-	2	120	89.17	-40.91	-32.50	-33.50	1.00	1.09	-1.63	0.79	-0.01	0.527664
window408	locus126	NC_007605.genome	115083	115203	+	2	120	89.17	-43.55	-35.85	-37.10	1.25	1.11	-2.24	0.82	1.31	0.940982
locus127	NC_007605.genome	115408	115528	2	79.17	0.929387	-2.06	-
window409	locus127	NC_007605.genome	115408	115528	+	2	120	79.17	-53.00	-40.50	-43.75	3.25	1.11	-2.06	0.76	1.20	0.929387
locus128	NC_007605.genome	116606	116696	2	67.50	0.998931	-2.38	-
window410	locus128	NC_007605.genome	116606	116696	-	2	120	67.50	-46.60	-33.04	-36.29	3.25	1.09	-2.38	0.71	3.29	0.998931
locus129	NC_007605.genome	119411	119531	2	70.83	0.578174	-2.49	-
window411	locus129	NC_007605.genome	119411	119531	-	2	120	70.83	-44.52	-22.85	-24.85	2.00	1.17	-2.49	0.51	0.09	0.578174
locus130	NC_007605.genome	120278	120398	3	71.39	0.579614	-1.71	-
window412	locus130	NC_007605.genome	120278	120398	+	3	120	71.39	-42.50	-22.75	-25.20	2.45	1.16	-1.71	0.54	0.09	0.579614
locus131	NC_007605.genome	121114	121234	3	84.17	0.862868	-2.34	"BcLF1"
window413	locus131	NC_007605.genome	121114	121234	+	3	120	84.17	-49.23	-36.90	-37.36	0.46	1.21	-1.95	0.75	0.35	0.698777
window414	locus131	NC_007605.genome	121114	121234	-	3	120	84.17	-41.57	-30.91	-30.59	-0.32	1.17	-2.34	0.74	0.84	0.862868
locus132	NC_007605.genome	122554	122674	3	65.28	0.845764	-1.99	"BcLF1"
window415	locus132	NC_007605.genome	122554	122674	-	3	120	65.28	-44.30	-20.74	-23.87	3.13	1.30	-1.99	0.47	0.77	0.845764
locus133	NC_007605.genome	123194	123474	3	76.39	0.805558	-2.06	"BcLF1"
window416	locus133	NC_007605.genome	123194	123314	-	3	120	76.39	-41.60	-23.67	-24.13	0.47	1.30	-2.06	0.57	0.63	0.805558
window417	locus133	NC_007605.genome	123314	123434	-	3	120	76.11	-44.51	-27.01	-25.92	-1.09	1.38	-1.58	0.61	0.01	0.536217
window418	locus133	NC_007605.genome	123354	123474	+	3	120	74.72	-49.87	-31.74	-32.20	0.46	1.32	-1.40	0.64	0.01	0.538902
window419	locus133	NC_007605.genome	123354	123474	-	3	120	74.72	-49.51	-35.64	-34.65	-0.98	1.32	-1.28	0.72	0.32	0.686821
locus134	NC_007605.genome	124394	124514	3	72.50	0.852704	-1.63	"BcLF1"
window420	locus134	NC_007605.genome	124394	124514	-	3	120	72.50	-48.83	-29.62	-31.30	1.68	1.27	-1.63	0.61	0.79	0.852704
locus135	NC_007605.genome	125779	125843	3	68.75	0.999785	-2.49	"BcRF1"
window421	locus135	NC_007605.genome	125779	125843	+	3	64	68.75	-16.97	-9.73	-10.97	1.23	1.35	-2.49	0.57	4.07	0.999785
locus136	NC_007605.genome	126853	127013	3	77.78	0.965542	-2.07	"BcRF1"
window422	locus136	NC_007605.genome	126853	126973	+	3	120	77.50	-37.71	-28.23	-28.69	0.46	1.26	-1.71	0.75	1.10	0.914428
window423	locus136	NC_007605.genome	126893	127013	+	3	120	77.78	-36.87	-25.31	-25.43	0.12	1.23	-2.07	0.69	1.58	0.965542
window424	locus136	NC_007605.genome	126893	127013	-	3	120	77.78	-45.17	-31.58	-30.60	-0.98	1.38	-1.77	0.70	0.94	0.886090
locus137	NC_007605.genome	127446	127566	3	69.44	0.589949	-1.72	"BTRF1"
window425	locus137	NC_007605.genome	127446	127566	-	3	120	69.44	-47.93	-24.76	-25.67	0.90	1.27	-1.72	0.52	0.11	0.589949
locus138	NC_007605.genome	132246	132366	2	79.17	0.541953	-1.49	-
window426	locus138	NC_007605.genome	132246	132366	-	2	120	79.17	-56.20	-42.66	-42.91	0.25	1.12	-1.49	0.76	0.02	0.541953
locus139	NC_007605.genome	132514	132662	3	55.83	0.938247	-1.80	"BXRF1"
window427	locus139	NC_007605.genome	132514	132622	+	3	120	53.45	-37.60	-14.83	-14.73	-0.10	1.47	-1.80	0.39	0.58	0.787715
window428	locus139	NC_007605.genome	132542	132662	-	3	120	55.83	-44.67	-24.68	-22.27	-2.41	1.63	-1.31	0.55	1.29	0.938247
locus140	NC_007605.genome	132936	133090	3	63.87	0.991568	-2.05	"BXRF1"
window429	locus140	NC_007605.genome	132936	133050	+	3	120	63.87	-41.27	-17.43	-17.57	0.13	1.44	-2.03	0.42	0.07	0.566530
window430	locus140	NC_007605.genome	132973	133090	+	3	120	59.66	-40.50	-19.76	-19.00	-0.76	1.57	-2.05	0.49	2.28	0.991568
locus141	NC_007605.genome	134997	135112	2	52.17	0.866171	-1.45	"BVLF1"
window431	locus141	NC_007605.genome	134997	135112	-	2	115	52.17	-44.42	-26.40	-26.15	-0.25	1.34	-1.45	0.59	0.85	0.866171
locus142	NC_007605.genome	136522	136624	2	81.37	0.558263	-1.49	"BdRF1"
window432	locus142	NC_007605.genome	136522	136624	+	2	102	81.37	-25.85	-20.95	-21.95	1.00	1.00	-1.49	0.81	0.05	0.558263
locus143	NC_007605.genome	136736	136845	2	81.65	0.939345	-2.19	"BdRF1"
window433	locus143	NC_007605.genome	136736	136845	+	2	109	81.65	-29.75	-21.95	-21.20	-0.75	1.25	-2.19	0.74	1.28	0.939345
locus144	NC_007605.genome	137589	137709	2	74.17	0.618242	-1.34	"BILF2"
window434	locus144	NC_007605.genome	137589	137709	-	2	120	74.17	-36.55	-28.02	-29.27	1.25	1.19	-1.34	0.77	0.17	0.618242
locus145	NC_007605.genome	137814	137934	2	71.67	0.999215	-2.79	"BILF2"
window435	locus145	NC_007605.genome	137814	137934	-	2	120	71.67	-43.15	-30.80	-31.30	0.50	1.23	-2.79	0.71	3.44	0.999215
locus146	NC_007605.genome	138054	138174	2	77.50	0.963519	-1.98	"BILF2"
window436	locus146	NC_007605.genome	138054	138174	+	2	120	77.50	-41.55	-35.20	-35.70	0.50	1.04	-1.98	0.85	1.55	0.963519
window437	locus146	NC_007605.genome	138054	138174	-	2	120	77.50	-42.01	-33.10	-33.35	0.25	1.07	-1.46	0.79	0.17	0.618089
locus147	NC_007605.genome	138294	138413	2	74.17	0.607392	-1.53	"RPMS1"
window438	locus147	NC_007605.genome	138294	138413	+	2	120	74.17	-35.19	-24.14	-25.39	1.25	1.13	-1.53	0.69	0.15	0.607392
locus148	NC_007605.genome	138781	138895	2	71.67	0.564696	-1.55	"RPMS1"
window439	locus148	NC_007605.genome	138781	138895	-	2	120	71.67	-49.10	-32.06	-34.06	2.00	1.17	-1.55	0.65	0.06	0.564696
locus149	NC_007605.genome	138939	139040	2	53.33	0.809801	-2.01	"RPMS1"
window440	locus149	NC_007605.genome	138939	139040	+	2	120	53.33	-38.15	-19.96	-25.71	5.75	1.21	-2.01	0.52	0.64	0.809801
locus150	NC_007605.genome	139073	139460	2	75.00	0.999921	-3.66	"RPMS1"
window441	locus150	NC_007605.genome	139073	139193	+	2	120	60.00	-34.45	-19.24	-25.74	6.50	1.03	-2.02	0.56	0.38	0.711045
window442	locus150	NC_007605.genome	139193	139311	+	2	120	70.83	-51.90	-37.75	-38.50	0.75	1.20	-2.62	0.73	3.41	0.999160
window443	locus150	NC_007605.genome	139193	139311	-	2	120	70.83	-42.10	-33.50	-34.00	0.50	1.12	-1.84	0.80	2.14	0.988845
window444	locus150	NC_007605.genome	139311	139420	+	2	120	70.83	-47.35	-41.34	-41.34	-0.00	1.06	-3.58	0.87	4.56	0.999921
window445	locus150	NC_007605.genome	139311	139420	-	2	120	70.83	-38.35	-35.24	-34.49	-0.75	1.09	-1.66	0.92	3.03	0.998200
window446	locus150	NC_007605.genome	139340	139460	+	2	120	75.00	-49.03	-39.85	-38.35	-1.50	1.17	-3.66	0.81	3.80	0.999626
window447	locus150	NC_007605.genome	139340	139460	-	2	120	75.00	-42.80	-33.90	-34.90	1.00	1.09	-1.28	0.79	0.11	0.587763
locus151	NC_007605.genome	139498	139605	2	67.50	0.853634	-1.82	"RPMS1"
window448	locus151	NC_007605.genome	139498	139605	-	2	120	67.50	-38.30	-24.45	-29.20	4.75	1.08	-1.82	0.64	0.80	0.853634
locus152	NC_007605.genome	139645	139880	2	75.00	0.999918	-4.96	"RPMS1"
window449	locus152	NC_007605.genome	139645	139761	+	2	120	75.00	-45.90	-38.45	-39.95	1.50	1.15	-2.70	0.84	3.16	0.998611
window450	locus152	NC_007605.genome	139645	139761	-	2	120	75.00	-42.25	-36.00	-38.00	2.00	1.10	-1.42	0.85	0.92	0.881952
window451	locus152	NC_007605.genome	139761	139880	+	2	120	70.83	-41.75	-34.50	-37.50	3.00	1.12	-3.81	0.83	4.55	0.999918
window452	locus152	NC_007605.genome	139761	139880	-	2	120	70.83	-46.70	-38.90	-40.65	1.75	1.13	-4.96	0.83	3.25	0.998848
locus153	NC_007605.genome	139885	139993	2	65.00	0.999150	-4.62	"RPMS1"
window453	locus153	NC_007605.genome	139885	139993	+	2	120	65.00	-54.45	-29.32	-33.07	3.75	1.12	-4.62	0.54	2.12	0.988373
window454	locus153	NC_007605.genome	139885	139993	-	2	120	65.00	-53.15	-31.10	-34.85	3.75	1.06	-3.57	0.59	3.40	0.999150
locus154	NC_007605.genome	140004	140216	2	59.17	0.999993	-4.11	"RPMS1"
window455	locus154	NC_007605.genome	140004	140101	+	2	120	56.67	-39.15	-25.49	-28.99	3.50	1.17	-4.11	0.65	5.09	0.999973
window456	locus154	NC_007605.genome	140004	140101	-	2	120	56.67	-31.00	-18.80	-26.55	7.75	1.09	-2.95	0.61	3.89	0.999690
window457	locus154	NC_007605.genome	140024	140141	+	2	120	59.17	-41.20	-29.29	-33.54	4.25	1.18	-3.94	0.71	5.77	0.999993
window458	locus154	NC_007605.genome	140024	140141	-	2	120	59.17	-38.25	-22.75	-31.50	8.75	1.10	-3.25	0.59	3.88	0.999681
window459	locus154	NC_007605.genome	140101	140216	+	2	120	56.67	-34.65	-18.25	-19.25	1.00	1.25	-2.17	0.53	0.51	0.762640
locus155	NC_007605.genome	140231	140381	2	57.50	0.969070	-3.39	"RPMS1"
window460	locus155	NC_007605.genome	140231	140345	+	2	120	57.50	-33.78	-25.43	-24.43	-1.00	1.25	-1.38	0.75	1.64	0.969070
window461	locus155	NC_007605.genome	140270	140381	+	2	120	55.83	-41.12	-19.73	-19.73	0.00	1.32	-3.39	0.48	1.60	0.966651
locus156	NC_007605.genome	143381	143476	3	62.69	0.968305	-2.25	"LF3"
window462	locus156	NC_007605.genome	143381	143476	-	3	120	62.69	-39.50	-17.78	-16.77	-1.02	1.39	-2.25	0.45	1.62	0.968305
locus157	NC_007605.genome	143574	144163	3	95.83	0.999997	-4.11	"LF3"
window463	locus157	NC_007605.genome	143574	143667	-	2	94	89.36	-30.23	-23.24	-23.24	0.00	1.12	-3.01	0.77	2.51	0.994747
window464	locus157	NC_007605.genome	143613	143705	+	2	92	88.04	-41.20	-34.55	-35.30	0.75	1.03	-1.71	0.84	0.37	0.710098
window465	locus157	NC_007605.genome	143613	143705	-	2	92	88.04	-38.02	-30.69	-30.94	0.25	1.04	-2.80	0.81	2.44	0.993941
window466	locus157	NC_007605.genome	143649	143745	+	2	96	89.58	-40.70	-36.40	-37.15	0.75	1.03	-2.80	0.89	2.76	0.996869
window467	locus157	NC_007605.genome	143649	143745	-	2	96	89.58	-32.95	-29.10	-29.60	0.50	1.00	-2.43	0.88	2.01	0.985567
window468	locus157	NC_007605.genome	143667	143785	+	2	118	89.83	-48.45	-40.75	-41.25	0.50	1.00	-2.53	0.84	1.91	0.982244
window469	locus157	NC_007605.genome	143667	143785	-	2	118	89.83	-42.10	-35.30	-36.55	1.25	1.03	-2.52	0.84	1.89	0.981527
window470	locus157	NC_007605.genome	143705	143823	+	2	118	94.92	-48.11	-45.70	-46.45	0.75	1.03	-3.39	0.95	3.13	0.998526
window471	locus157	NC_007605.genome	143705	143823	-	2	118	94.92	-38.20	-33.05	-34.55	1.50	1.00	-3.07	0.87	2.01	0.985555
window472	locus157	NC_007605.genome	143745	143863	+	2	118	90.68	-48.90	-46.30	-46.05	-0.25	1.12	-2.81	0.95	3.13	0.998528
window473	locus157	NC_007605.genome	143745	143863	-	2	118	90.68	-43.80	-36.90	-37.90	1.00	1.05	-1.68	0.84	0.07	0.567396
window474	locus157	NC_007605.genome	143785	143903	+	2	118	88.98	-40.95	-37.55	-36.30	-1.25	1.16	-2.60	0.92	2.65	0.996096
window475	locus157	NC_007605.genome	143785	143903	-	2	118	88.98	-43.70	-40.70	-40.95	0.25	1.08	-2.69	0.93	2.95	0.997855
window476	locus157	NC_007605.genome	143823	143943	+	3	120	59.61	-38.43	-17.61	-14.97	-2.64	1.50	-2.14	0.46	1.91	0.982427
window477	locus157	NC_007605.genome	143823	143943	-	3	120	59.61	-43.78	-22.37	-20.17	-2.21	1.37	-3.05	0.51	5.14	0.999976
window478	locus157	NC_007605.genome	143863	143968	+	3	120	59.66	-37.37	-19.65	-17.00	-2.65	1.45	-3.67	0.53	5.93	0.999995
window479	locus157	NC_007605.genome	143863	143968	-	3	120	59.66	-36.00	-18.22	-17.57	-0.65	1.32	-4.11	0.51	5.53	0.999989
window480	locus157	NC_007605.genome	143903	144008	+	3	120	64.77	-36.10	-18.84	-17.63	-1.21	1.27	-3.18	0.52	5.31	0.999983
window481	locus157	NC_007605.genome	143903	144008	-	3	120	64.77	-38.37	-20.82	-21.94	1.12	1.13	-4.07	0.54	6.21	0.999997
window482	locus157	NC_007605.genome	143943	144048	+	2	120	85.00	-25.23	-17.30	-17.80	0.50	1.00	-2.60	0.69	1.80	0.977739
window483	locus157	NC_007605.genome	143943	144048	-	2	120	85.00	-40.25	-33.50	-34.25	0.75	1.03	-2.85	0.83	2.72	0.996609
window484	locus157	NC_007605.genome	143968	144087	-	2	120	95.83	-50.35	-48.15	-48.40	0.25	1.03	-2.02	0.96	1.11	0.916689
window485	locus157	NC_007605.genome	144008	144127	+	2	120	91.67	-37.95	-32.20	-31.95	-0.25	1.04	-1.70	0.85	0.02	0.541212
window486	locus157	NC_007605.genome	144048	144163	+	3	120	63.48	-41.20	-17.41	-19.58	2.17	1.12	-2.15	0.42	0.50	0.759461
locus158	NC_007605.genome	145072	145350	2	90.83	0.962018	-4.07	-
window487	locus158	NC_007605.genome	145072	145192	-	2	120	90.83	-26.94	-21.65	-23.65	2.00	1.00	-1.75	0.80	0.06	0.562190
window488	locus158	NC_007605.genome	145192	145310	+	2	120	75.00	-30.00	-21.50	-22.75	1.25	1.26	-1.97	0.72	1.25	0.936176
window489	locus158	NC_007605.genome	145232	145350	+	2	120	65.83	-37.55	-18.82	-24.57	5.75	1.18	-4.07	0.50	1.53	0.962018
locus159	NC_007605.genome	145478	145613	2	65.83	0.999952	-4.49	-
window490	locus159	NC_007605.genome	145478	145598	+	2	120	65.83	-45.50	-34.65	-38.90	4.25	1.09	-4.49	0.76	4.81	0.999952
window491	locus159	NC_007605.genome	145518	145613	+	2	120	56.67	-33.92	-21.08	-21.83	0.75	1.23	-1.73	0.62	1.20	0.929434
locus160	NC_007605.genome	145930	146083	2	67.50	0.999983	-3.53	-
window492	locus160	NC_007605.genome	145930	146043	+	2	120	67.50	-43.95	-36.55	-39.55	3.00	1.21	-3.53	0.83	5.32	0.999983
window493	locus160	NC_007605.genome	145930	146043	-	2	120	67.50	-37.10	-21.50	-24.50	3.00	1.12	-2.42	0.58	1.41	0.950877
window494	locus160	NC_007605.genome	145963	146083	+	2	120	67.50	-38.10	-27.10	-27.60	0.50	1.31	-1.25	0.71	-0.01	0.528668
locus161	NC_007605.genome	146382	146526	2	77.50	0.999868	-5.05	-
window495	locus161	NC_007605.genome	146382	146502	+	2	120	77.50	-47.15	-36.85	-38.85	2.00	1.14	-4.34	0.78	3.32	0.998996
window496	locus161	NC_007605.genome	146382	146502	-	2	120	77.50	-40.95	-28.45	-31.95	3.50	1.00	-4.16	0.69	3.21	0.998749
window497	locus161	NC_007605.genome	146422	146526	+	2	120	70.83	-47.85	-38.20	-39.95	1.75	1.09	-5.05	0.80	3.13	0.998535
window498	locus161	NC_007605.genome	146422	146526	-	2	120	70.83	-44.00	-32.25	-34.25	2.00	1.09	-3.95	0.73	4.31	0.999868
locus162	NC_007605.genome	146937	147056	2	60.00	0.999977	-2.80	-
window499	locus162	NC_007605.genome	146937	147056	+	2	120	60.00	-37.75	-35.65	-35.15	-0.50	1.24	-2.63	0.94	5.14	0.999976
window500	locus162	NC_007605.genome	146937	147056	-	2	120	60.00	-29.70	-28.60	-27.60	-1.00	1.22	-2.80	0.96	5.17	0.999977
locus163	NC_007605.genome	147136	147448	2	70.83	0.999995	-4.09	-
window501	locus163	NC_007605.genome	147136	147249	+	2	120	56.67	-47.20	-35.32	-37.57	2.25	1.19	-3.24	0.75	5.91	0.999995
window502	locus163	NC_007605.genome	147136	147249	-	2	120	56.67	-36.15	-23.42	-24.67	1.25	1.15	-1.38	0.65	0.45	0.741904
window503	locus163	NC_007605.genome	147249	147368	-	2	120	70.83	-37.30	-26.75	-25.00	-1.75	1.21	-1.84	0.72	1.50	0.959046
window504	locus163	NC_007605.genome	147288	147408	+	2	120	69.17	-54.90	-46.80	-46.55	-0.25	1.22	-4.09	0.85	4.65	0.999934
window505	locus163	NC_007605.genome	147288	147408	-	2	120	69.17	-42.80	-30.67	-35.42	4.75	1.11	-3.72	0.72	4.63	0.999931
window506	locus163	NC_007605.genome	147328	147448	-	2	120	63.33	-32.35	-16.35	-15.60	-0.75	1.27	-2.70	0.51	0.56	0.780947
locus164	NC_007605.genome	147488	147644	2	70.00	0.999975	-3.09	-
window507	locus164	NC_007605.genome	147488	147607	+	2	120	70.00	-51.75	-40.40	-38.90	-1.50	1.29	-2.22	0.78	3.10	0.998433
window508	locus164	NC_007605.genome	147488	147607	-	2	120	70.00	-43.40	-30.05	-31.80	1.75	1.11	-1.49	0.69	0.35	0.698397
window509	locus164	NC_007605.genome	147528	147644	+	2	120	65.83	-50.75	-37.55	-38.80	1.25	1.23	-3.09	0.74	5.12	0.999975
locus165	NC_007605.genome	147860	148019	2	64.17	0.999970	-2.38	-
window510	locus165	NC_007605.genome	147860	147979	+	2	120	64.17	-45.20	-43.10	-42.85	-0.25	1.24	-2.38	0.95	5.04	0.999970
window511	locus165	NC_007605.genome	147860	147979	-	2	120	64.17	-31.95	-26.00	-29.00	3.00	1.07	-1.39	0.81	1.95	0.983691
window512	locus165	NC_007605.genome	147900	148019	+	2	120	61.67	-44.05	-32.15	-33.65	1.50	1.23	-1.55	0.73	1.57	0.964473
window513	locus165	NC_007605.genome	147900	148019	-	2	120	61.67	-31.55	-23.15	-25.15	2.00	1.11	-1.28	0.73	0.68	0.821789
locus166	NC_007605.genome	148093	148300	2	67.50	0.999996	-5.24	-
window514	locus166	NC_007605.genome	148093	148197	+	2	120	57.50	-41.80	-23.36	-27.36	4.00	1.18	-2.39	0.56	1.67	0.971229
window515	locus166	NC_007605.genome	148158	148277	+	2	120	67.50	-37.35	-32.86	-32.86	-0.00	1.21	-2.54	0.88	4.70	0.999940
window516	locus166	NC_007605.genome	148158	148277	-	2	120	67.50	-37.06	-25.60	-28.10	2.50	1.04	-3.39	0.69	4.65	0.999933
window517	locus166	NC_007605.genome	148197	148300	+	2	120	59.17	-49.10	-43.50	-44.25	0.75	1.17	-5.24	0.89	3.93	0.999712
window518	locus166	NC_007605.genome	148197	148300	-	2	120	59.17	-37.01	-30.25	-35.25	5.00	1.03	-3.23	0.82	6.04	0.999996
locus167	NC_007605.genome	148327	148420	2	59.17	0.999996	-3.96	-
window519	locus167	NC_007605.genome	148327	148420	+	2	120	59.17	-42.60	-32.60	-35.10	2.50	1.06	-3.96	0.77	6.02	0.999996
window520	locus167	NC_007605.genome	148327	148420	-	2	120	59.17	-36.65	-28.50	-29.00	0.50	1.10	-1.92	0.78	3.47	0.999269
locus168	NC_007605.genome	148722	148844	2	65.83	0.999988	-3.61	-
window521	locus168	NC_007605.genome	148722	148840	+	2	120	65.83	-42.15	-30.20	-32.70	2.50	1.14	-3.32	0.72	5.14	0.999975
window522	locus168	NC_007605.genome	148726	148844	+	2	120	63.33	-42.70	-30.10	-31.85	1.75	1.15	-3.61	0.70	5.48	0.999988
locus169	NC_007605.genome	150086	150206	3	71.94	0.980974	-0.87	"LF2"
window523	locus169	NC_007605.genome	150086	150206	+	3	120	71.94	-42.13	-37.75	-35.77	-1.98	1.36	-0.87	0.90	1.88	0.980974
locus170	NC_007605.genome	151573	151693	2	80.83	0.757322	-1.79	-
window524	locus170	NC_007605.genome	151573	151693	-	2	120	80.83	-52.80	-38.50	-41.50	3.00	1.10	-1.79	0.73	0.49	0.757322
locus171	NC_007605.genome	152514	152843	2	89.17	0.998373	-2.85	"miR-BART-2"
window525	locus171	NC_007605.genome	152514	152634	+	2	120	89.17	-56.75	-49.25	-50.75	1.50	1.05	-2.50	0.87	2.09	0.987643
window526	locus171	NC_007605.genome	152514	152634	-	2	120	89.17	-45.18	-38.55	-40.55	2.00	1.00	-1.88	0.85	0.71	0.830324
window527	locus171	NC_007605.genome	152554	152672	+	2	120	83.33	-59.80	-49.00	-52.00	3.00	1.00	-2.85	0.82	2.67	0.996261
window528	locus171	NC_007605.genome	152554	152672	-	2	120	83.33	-49.35	-39.80	-42.30	2.50	1.00	-2.63	0.81	2.27	0.991540
window529	locus171	NC_007605.genome	152594	152702	+	2	120	73.33	-55.25	-37.55	-42.05	4.50	1.03	-2.66	0.68	2.65	0.996076
window530	locus171	NC_007605.genome	152594	152702	-	2	120	73.33	-46.85	-30.40	-34.65	4.25	1.03	-2.56	0.65	2.18	0.989852
window531	locus171	NC_007605.genome	152702	152817	+	2	120	76.67	-38.65	-29.95	-32.45	2.50	1.14	-2.27	0.77	1.92	0.982553
window532	locus171	NC_007605.genome	152702	152817	-	2	120	76.67	-38.75	-30.60	-32.35	1.75	1.16	-2.27	0.79	1.98	0.984556
window533	locus171	NC_007605.genome	152737	152843	-	2	120	62.50	-37.20	-28.75	-32.75	4.00	1.13	-1.88	0.77	3.08	0.998373
locus172	NC_007605.genome	153533	153653	3	72.50	0.828808	-1.88	-
window534	locus172	NC_007605.genome	153533	153653	+	3	120	72.50	-47.23	-26.07	-28.20	2.13	1.28	-1.88	0.55	0.71	0.828808
locus173	NC_007605.genome	154972	155092	3	75.83	0.827774	-1.75	-
window535	locus173	NC_007605.genome	154972	155092	-	3	120	75.83	-51.23	-31.94	-32.40	0.46	1.29	-1.75	0.62	0.70	0.827774
locus174	NC_007605.genome	157685	157788	3	61.52	0.686594	-1.28	"BALF4"
window536	locus174	NC_007605.genome	157685	157788	+	3	120	61.52	-31.99	-17.30	-16.54	-0.76	1.50	-1.28	0.54	0.32	0.686594
locus175	NC_007605.genome	162864	163024	3	78.61	0.782830	-1.28	"BALF2"
window537	locus175	NC_007605.genome	162864	162984	-	3	120	78.61	-53.73	-44.96	-44.20	-0.76	1.24	-1.28	0.84	0.56	0.782830
window538	locus175	NC_007605.genome	162904	163024	-	3	120	76.11	-53.33	-40.24	-39.03	-1.21	1.27	-1.23	0.75	0.21	0.634731
locus176	NC_007605.genome	163768	163888	3	72.78	0.793345	-2.03	"BALF2"
window539	locus176	NC_007605.genome	163768	163888	-	3	120	72.78	-47.53	-25.03	-25.17	0.13	1.32	-2.03	0.53	0.59	0.793345
locus177	NC_007605.genome	164040	164320	3	72.50	1.000000	-3.89	"BALF2"
window540	locus177	NC_007605.genome	164040	164160	-	3	120	72.22	-43.34	-26.74	-27.75	1.01	1.25	-1.60	0.62	0.90	0.877605
window541	locus177	NC_007605.genome	164080	164200	-	3	120	72.50	-49.90	-28.89	-31.23	2.34	1.17	-2.53	0.58	3.20	0.998730
window542	locus177	NC_007605.genome	164120	164240	+	3	120	69.44	-57.13	-37.38	-38.40	1.02	1.30	-2.79	0.65	5.99	0.999996
window543	locus177	NC_007605.genome	164120	164240	-	3	120	69.44	-57.23	-37.68	-40.47	2.79	1.24	-3.89	0.66	7.22	1.000000
window544	locus177	NC_007605.genome	164160	164280	+	3	120	70.00	-53.00	-33.60	-34.83	1.24	1.28	-1.52	0.63	1.27	0.939076
window545	locus177	NC_007605.genome	164160	164280	-	3	120	70.00	-49.10	-31.11	-32.23	1.12	1.23	-1.52	0.63	1.26	0.937467
window546	locus177	NC_007605.genome	164200	164320	+	3	120	69.72	-50.50	-30.29	-32.97	2.68	1.22	-1.52	0.60	0.84	0.863758
locus178	NC_007605.genome	164887	165007	2	85.00	0.986778	-1.92	"BALF1"
window547	locus178	NC_007605.genome	164887	165007	+	2	120	85.00	-46.10	-44.55	-44.30	-0.25	1.14	-1.92	0.97	2.05	0.986778
locus179	NC_007605.genome	165127	165287	2	80.83	0.942174	-2.09	"BARF1"
window548	locus179	NC_007605.genome	165127	165247	+	2	120	80.00	-49.85	-40.15	-41.15	1.00	1.18	-2.09	0.81	1.32	0.942174
window549	locus179	NC_007605.genome	165127	165247	-	2	120	80.00	-40.60	-30.00	-31.25	1.25	1.16	-1.95	0.74	0.85	0.866076
window550	locus179	NC_007605.genome	165167	165287	+	2	120	80.83	-44.40	-36.20	-38.20	2.00	1.11	-1.65	0.82	0.40	0.722648
locus180	NC_007605.genome	165327	165447	2	84.17	0.694953	-1.80	"BARF1"
window551	locus180	NC_007605.genome	165327	165447	+	2	120	84.17	-47.05	-32.15	-35.15	3.00	1.08	-1.80	0.68	0.34	0.694953
locus181	NC_007605.genome	167262	167381	2	51.67	0.947541	-2.54	-
window552	locus181	NC_007605.genome	167262	167381	-	2	120	51.67	-29.01	-14.45	-14.45	0.00	1.25	-2.54	0.50	1.37	0.947541
locus182	NC_007605.genome	167933	168050	2	56.67	0.980853	-1.56	-
window553	locus182	NC_007605.genome	167933	168050	+	2	120	56.67	-50.00	-35.40	-33.15	-2.25	1.44	-1.56	0.71	1.87	0.980853
