locus1	NC_007605.genome	7308	7423	2	55.83	0.968068	-1.69
window1	locus1	NC_007605.genome	7308	7423	-	2	120	55.83	-31.05	-20.15	-18.40	-1.75	1.28	-1.69	0.65	1.62	0.968068
locus2	NC_007605.genome	12959	13116	2	88.33	0.927591	-2.13
window2	locus2	NC_007605.genome	12959	13076	-	2	120	87.50	-60.30	-51.40	-53.40	2.00	1.00	-1.54	0.85	0.10	0.583219
window3	locus2	NC_007605.genome	12997	13116	+	2	120	88.33	-47.30	-40.95	-40.95	-0.00	1.00	-1.81	0.87	0.69	0.822758
window4	locus2	NC_007605.genome	12997	13116	-	2	120	88.33	-64.30	-53.30	-52.80	-0.50	1.14	-2.13	0.83	1.18	0.927591
locus3	NC_007605.genome	16031	16148	2	87.50	0.629170	-1.54
window5	locus3	NC_007605.genome	16031	16148	+	2	120	87.50	-57.47	-50.16	-52.41	2.25	1.03	-1.54	0.87	0.20	0.629170
locus4	NC_007605.genome	17989	18109	2	82.50	0.650057	-1.67
window6	locus4	NC_007605.genome	17989	18109	-	2	120	82.50	-56.45	-41.60	-42.85	1.25	1.03	-1.67	0.74	0.24	0.650057
locus5	NC_007605.genome	18269	18389	2	70.00	0.886454	-1.02
window7	locus5	NC_007605.genome	18269	18389	-	2	120	70.00	-53.40	-45.40	-43.15	-2.25	1.28	-1.02	0.85	0.94	0.886454
locus6	NC_007605.genome	18941	19178	2	91.67	0.993423	-2.56
window8	locus6	NC_007605.genome	18941	19060	+	2	120	86.67	-51.00	-45.80	-46.55	0.75	1.03	-1.93	0.90	1.26	0.937325
window9	locus6	NC_007605.genome	18941	19060	-	2	120	86.67	-62.15	-54.50	-54.75	0.25	1.09	-2.56	0.88	2.40	0.993423
window10	locus6	NC_007605.genome	19060	19178	-	2	120	91.67	-62.50	-59.95	-59.95	-0.00	1.06	-1.52	0.96	0.57	0.785462
locus7	NC_007605.genome	19794	19914	2	87.50	0.792190	-1.87
window11	locus7	NC_007605.genome	19794	19914	+	2	120	87.50	-44.70	-35.55	-36.55	1.00	1.06	-1.87	0.80	0.59	0.792190
locus8	NC_007605.genome	20194	20313	2	78.33	0.667006	-1.35
window12	locus8	NC_007605.genome	20194	20313	-	2	120	78.33	-39.00	-33.35	-32.60	-0.75	1.18	-1.35	0.86	0.28	0.667006
locus9	NC_007605.genome	20471	20589	2	88.33	0.915321	-1.88
window13	locus9	NC_007605.genome	20471	20589	+	2	120	88.33	-44.82	-40.45	-39.95	-0.50	1.11	-1.88	0.90	1.10	0.915321
locus10	NC_007605.genome	20701	20821	2	86.67	0.585076	-1.59
window14	locus10	NC_007605.genome	20701	20821	-	2	120	86.67	-53.60	-43.25	-44.50	1.25	1.03	-1.59	0.81	0.10	0.585076
locus11	NC_007605.genome	21773	21891	2	89.17	0.885153	-2.10
window15	locus11	NC_007605.genome	21773	21891	+	2	120	89.17	-63.20	-53.25	-54.75	1.50	1.05	-1.81	0.84	0.50	0.758676
window16	locus11	NC_007605.genome	21773	21891	-	2	120	89.17	-66.30	-52.75	-52.50	-0.25	1.13	-2.10	0.80	0.94	0.885153
locus12	NC_007605.genome	21931	22050	2	78.33	0.567053	-1.28
window17	locus12	NC_007605.genome	21931	22050	+	2	120	78.33	-59.00	-49.90	-49.15	-0.75	1.12	-1.28	0.85	0.07	0.567053
locus13	NC_007605.genome	23183	23302	2	86.67	0.893972	-2.07
window18	locus13	NC_007605.genome	23183	23302	+	2	120	86.67	-36.19	-32.89	-32.14	-0.75	1.15	-1.53	0.91	0.50	0.760683
window19	locus13	NC_007605.genome	23183	23302	-	2	120	86.67	-33.70	-25.85	-27.60	1.75	1.08	-2.07	0.77	0.98	0.893972
locus14	NC_007605.genome	23500	23619	2	90.83	0.553960	-1.47
window20	locus14	NC_007605.genome	23500	23619	-	2	120	90.83	-42.00	-38.20	-37.95	-0.25	1.10	-1.47	0.91	0.04	0.553960
locus15	NC_007605.genome	23658	23810	2	79.17	0.791933	-1.78
window21	locus15	NC_007605.genome	23658	23770	+	2	120	76.67	-27.60	-19.00	-17.75	-1.25	1.20	-1.51	0.69	-0.01	0.529995
window22	locus15	NC_007605.genome	23658	23770	-	2	120	76.67	-41.00	-31.75	-30.75	-1.00	1.26	-1.64	0.77	0.59	0.791933
window23	locus15	NC_007605.genome	23697	23810	+	2	120	79.17	-37.77	-27.74	-28.49	0.75	1.10	-1.78	0.73	0.54	0.776446
locus16	NC_007605.genome	23890	24007	2	75.00	0.875203	-1.59
window24	locus16	NC_007605.genome	23890	24007	-	2	120	75.00	-55.10	-44.41	-44.41	0.00	1.21	-1.59	0.81	0.89	0.875203
locus17	NC_007605.genome	25119	25276	2	90.00	0.998418	-2.58
window25	locus17	NC_007605.genome	25119	25238	-	2	120	88.33	-59.95	-57.10	-57.60	0.50	1.05	-1.30	0.95	0.31	0.684766
window26	locus17	NC_007605.genome	25158	25276	+	2	120	90.00	-54.80	-52.45	-54.20	1.75	1.03	-1.88	0.96	1.53	0.961825
window27	locus17	NC_007605.genome	25158	25276	-	2	120	90.00	-61.70	-59.90	-60.90	1.00	1.05	-2.58	0.97	3.10	0.998418
locus18	NC_007605.genome	26879	26999	2	90.83	0.714913	-1.79
window28	locus18	NC_007605.genome	26879	26999	+	2	120	90.83	-41.25	-35.50	-35.25	-0.25	1.11	-1.79	0.86	0.38	0.714913
window29	locus18	NC_007605.genome	26879	26999	-	2	120	90.83	-55.50	-47.25	-48.00	0.75	1.05	-1.76	0.85	0.27	0.661087
locus19	NC_007605.genome	37096	37212	2	51.67	0.939788	-1.71
window30	locus19	NC_007605.genome	37096	37212	-	2	120	51.67	-50.65	-29.15	-30.90	1.75	1.31	-1.71	0.58	1.28	0.939788
locus20	NC_007605.genome	37634	37751	2	69.17	0.733573	-1.11
window31	locus20	NC_007605.genome	37634	37751	-	2	120	69.17	-32.20	-25.45	-26.70	1.25	1.18	-1.11	0.79	0.43	0.733573
locus21	NC_007605.genome	40832	40952	2	97.50	0.814190	-1.78
window32	locus21	NC_007605.genome	40832	40952	+	2	120	97.50	-36.75	-35.60	-35.60	0.00	1.00	-1.78	0.97	0.66	0.814190
locus22	NC_007605.genome	48640	48756	2	81.03	0.519971	-1.52
window33	locus22	NC_007605.genome	48640	48756	-	2	116	81.03	-45.30	-33.30	-33.80	0.50	1.12	-1.52	0.74	-0.03	0.519971
locus23	NC_007605.genome	50265	50385	2	81.67	0.553066	-1.53
window34	locus23	NC_007605.genome	50265	50385	+	2	120	81.67	-60.00	-46.50	-47.25	0.75	1.15	-1.53	0.78	0.04	0.553066
locus24	NC_007605.genome	53615	53735	3	66.94	0.549778	-1.40
window35	locus24	NC_007605.genome	53615	53735	+	3	120	66.94	-39.80	-21.88	-23.33	1.46	1.32	-1.40	0.55	0.03	0.549778
locus25	NC_007605.genome	59869	59989	2	76.67	0.916050	-2.01
window36	locus25	NC_007605.genome	59869	59989	+	2	120	76.67	-54.50	-38.41	-38.16	-0.25	1.21	-2.01	0.70	1.11	0.916050
locus26	NC_007605.genome	61707	61827	2	51.67	0.719934	-1.07
window37	locus26	NC_007605.genome	61707	61827	+	2	120	51.67	-48.90	-30.55	-31.55	1.00	1.38	-1.07	0.62	0.40	0.719934
locus27	NC_007605.genome	62709	62829	3	74.17	0.931816	-1.63
window38	locus27	NC_007605.genome	62709	62829	-	3	120	74.17	-47.83	-32.49	-28.97	-3.53	1.48	-1.63	0.68	1.22	0.931816
locus28	NC_007605.genome	63199	63313	3	66.38	0.999944	-2.90
window39	locus28	NC_007605.genome	63199	63313	+	3	120	66.38	-43.74	-23.20	-23.66	0.46	1.38	-2.90	0.53	4.73	0.999944
window40	locus28	NC_007605.genome	63199	63313	-	3	120	66.38	-46.37	-25.96	-24.53	-1.43	1.44	-2.11	0.56	3.06	0.998282
locus29	NC_007605.genome	66057	66177	3	69.17	0.973269	-1.80
window41	locus29	NC_007605.genome	66057	66177	-	3	120	69.17	-48.07	-27.84	-27.73	-0.10	1.19	-1.80	0.58	1.71	0.973269
locus30	NC_007605.genome	71620	71724	2	70.83	0.983076	-1.88
window42	locus30	NC_007605.genome	71620	71724	+	2	120	70.83	-51.35	-38.85	-38.60	-0.25	1.19	-1.88	0.76	1.93	0.983076
locus31	NC_007605.genome	72677	72797	3	62.78	0.992422	-1.66
window43	locus31	NC_007605.genome	72677	72797	-	3	120	62.78	-45.63	-26.61	-26.63	0.03	1.46	-1.66	0.58	2.33	0.992422
locus32	NC_007605.genome	73540	73731	3	64.41	0.995108	-2.93
window44	locus32	NC_007605.genome	73540	73654	+	3	120	64.41	-52.70	-24.89	-27.47	2.57	1.34	-2.47	0.47	2.54	0.995108
window45	locus32	NC_007605.genome	73540	73654	-	3	120	64.41	-52.00	-17.87	-20.67	2.80	1.32	-2.93	0.34	0.26	0.659650
window46	locus32	NC_007605.genome	73574	73691	-	3	120	61.90	-49.10	-22.34	-23.37	1.03	1.46	-1.71	0.45	0.13	0.597867
window47	locus32	NC_007605.genome	73614	73731	+	3	120	59.94	-45.17	-24.02	-24.93	0.92	1.47	-1.52	0.53	1.28	0.939418
locus33	NC_007605.genome	74734	74854	3	77.22	0.694478	-2.24
window48	locus33	NC_007605.genome	74734	74854	-	3	120	77.22	-45.83	-24.75	-30.53	5.79	1.10	-2.24	0.54	0.34	0.694478
locus34	NC_007605.genome	74894	75014	3	76.39	0.814557	-1.95
window49	locus34	NC_007605.genome	74894	75014	-	3	120	76.39	-42.77	-25.14	-25.27	0.13	1.33	-1.95	0.59	0.66	0.814557
locus35	NC_007605.genome	77481	77601	2	65.83	0.671794	-1.43
window50	locus35	NC_007605.genome	77481	77601	+	2	120	65.83	-40.65	-27.92	-28.05	0.13	1.25	-1.43	0.69	0.29	0.671794
locus36	NC_007605.genome	79984	80101	2	68.33	0.719301	-1.97
window51	locus36	NC_007605.genome	79984	80101	+	2	120	68.33	-44.15	-25.95	-25.45	-0.50	1.24	-1.97	0.59	0.40	0.719301
locus37	NC_007605.genome	83536	83656	2	70.00	0.814395	-1.83
window52	locus37	NC_007605.genome	83536	83656	-	2	120	70.00	-37.80	-23.95	-23.20	-0.75	1.29	-1.83	0.63	0.66	0.814395
locus38	NC_007605.genome	90777	90894	2	71.67	0.697679	-1.26
window53	locus38	NC_007605.genome	90777	90894	+	2	120	71.67	-37.85	-29.30	-28.55	-0.75	1.23	-1.26	0.77	0.34	0.697679
locus39	NC_007605.genome	91397	91515	2	61.67	0.853560	-2.17
window54	locus39	NC_007605.genome	91397	91515	+	2	120	61.67	-61.35	-34.70	-37.70	3.00	1.13	-2.17	0.57	0.80	0.853560
locus40	NC_007605.genome	95320	95440	2	70.00	0.515789	-1.10
window55	locus40	NC_007605.genome	95320	95440	-	2	120	70.00	-38.20	-28.99	-27.74	-1.25	1.29	-1.10	0.76	-0.03	0.515789
locus41	NC_007605.genome	98930	99038	2	75.00	0.523583	-1.50
window56	locus41	NC_007605.genome	98930	99038	-	2	120	75.00	-33.45	-22.66	-21.91	-0.75	1.15	-1.50	0.68	-0.02	0.523583
locus42	NC_007605.genome	99232	99347	2	61.67	0.797913	-1.10
window57	locus42	NC_007605.genome	99232	99347	-	2	120	61.67	-54.55	-42.15	-40.65	-1.50	1.39	-1.10	0.77	0.61	0.797913
locus43	NC_007605.genome	105488	105608	2	79.17	0.506508	-1.41
window58	locus43	NC_007605.genome	105488	105608	+	2	120	79.17	-48.70	-38.40	-38.65	0.25	1.17	-1.41	0.79	-0.05	0.506508
locus44	NC_007605.genome	106285	106402	2	74.17	0.893299	-1.29
window59	locus44	NC_007605.genome	106285	106402	-	2	120	74.17	-46.25	-40.05	-42.30	2.25	1.14	-1.29	0.87	0.98	0.893299
locus45	NC_007605.genome	119451	119571	2	70.83	0.745573	-1.40
window60	locus45	NC_007605.genome	119451	119571	-	2	120	70.83	-41.70	-30.65	-29.40	-1.25	1.37	-1.40	0.74	0.46	0.745573
locus46	NC_007605.genome	121234	121354	3	79.17	0.716857	-1.34
window61	locus46	NC_007605.genome	121234	121354	-	3	120	79.17	-39.80	-32.43	-32.22	-0.21	1.19	-1.34	0.81	0.39	0.716857
locus47	NC_007605.genome	122394	122514	3	70.00	0.957314	-1.40
window62	locus47	NC_007605.genome	122394	122514	+	3	120	70.00	-49.50	-34.39	-36.40	2.01	1.21	-1.40	0.69	1.48	0.957314
locus48	NC_007605.genome	131510	131616	2	86.79	0.818830	-1.83
window63	locus48	NC_007605.genome	131510	131616	-	2	106	86.79	-45.40	-38.00	-38.00	0.00	1.13	-1.83	0.84	0.67	0.818830
locus49	NC_007605.genome	137749	137854	2	72.50	0.507813	-1.10
window64	locus49	NC_007605.genome	137749	137854	-	2	120	72.50	-26.90	-21.00	-21.00	0.00	1.12	-1.10	0.78	-0.05	0.507813
locus50	NC_007605.genome	140457	140575	2	58.33	0.976486	-2.19
window65	locus50	NC_007605.genome	140457	140575	-	2	120	58.33	-44.91	-26.60	-30.35	3.75	1.22	-2.19	0.59	1.77	0.976486
locus51	NC_007605.genome	146422	146526	2	70.83	0.757226	-1.87
window66	locus51	NC_007605.genome	146422	146526	-	2	120	70.83	-35.28	-21.76	-21.01	-0.75	1.21	-1.87	0.62	0.49	0.757226
locus52	NC_007605.genome	146937	147056	2	60.00	0.980224	-1.84
window67	locus52	NC_007605.genome	146937	147056	+	2	120	60.00	-34.70	-24.00	-22.50	-1.50	1.37	-1.74	0.69	1.86	0.980224
window68	locus52	NC_007605.genome	146937	147056	-	2	120	60.00	-26.60	-16.20	-18.45	2.25	1.19	-1.84	0.61	0.83	0.862155
locus53	NC_007605.genome	149335	149455	3	76.11	0.972287	-2.09
window69	locus53	NC_007605.genome	149335	149455	-	3	120	76.11	-36.30	-23.11	-23.23	0.13	1.28	-2.09	0.64	1.69	0.972287
locus54	NC_007605.genome	152777	152869	2	50.83	0.603136	-1.04
window70	locus54	NC_007605.genome	152777	152869	-	2	120	50.83	-37.85	-22.50	-23.00	0.50	1.26	-1.04	0.59	0.14	0.603136
locus55	NC_007605.genome	155612	155730	3	76.82	0.938525	-1.92
window71	locus55	NC_007605.genome	155612	155730	+	3	120	76.82	-50.37	-32.45	-34.12	1.67	1.18	-1.46	0.64	-0.01	0.527430
window72	locus55	NC_007605.genome	155612	155730	-	3	120	76.82	-46.63	-30.83	-30.73	-0.09	1.33	-1.92	0.66	1.29	0.938525
locus56	NC_007605.genome	155850	155970	3	82.78	0.536598	-1.67
window73	locus56	NC_007605.genome	155850	155970	-	3	120	82.78	-44.40	-31.31	-32.10	0.79	1.21	-1.67	0.71	0.01	0.536598
locus57	NC_007605.genome	158258	158378	3	72.78	0.522808	-2.08
window74	locus57	NC_007605.genome	158258	158378	+	3	120	72.78	-51.00	-25.08	-27.77	2.68	1.24	-2.08	0.49	-0.02	0.522808
locus58	NC_007605.genome	159607	159708	3	52.49	0.975031	-1.92
window75	locus58	NC_007605.genome	159607	159708	+	3	120	52.49	-46.33	-20.53	-20.99	0.46	1.36	-1.92	0.44	1.74	0.975031
